sep=,
DeviceTag:,DOT5
FirmwareVersion:,3.0.0
AppVersion:,2023.6.0
SyncStatus:,Synced
OutputRate:,60Hz
FilterProfile:,Dynamic
Measurement Mode:,Custom modes - custom mode1
StartTime: ,2026-06-01_12:23:37_285 GMT+2
© Movella Technologies B. V. 2005-2026

PacketCounter,SampleTimeFine,Euler_X,Euler_Y,Euler_Z,FreeAcc_X,FreeAcc_Y,FreeAcc_Z,Gyr_X,Gyr_Y,Gyr_Z
1,1438515658,85.278305,9.880573,176.976791,-0.053523,-0.038837,0.124460,2.181619,-5.319374,1.459201
2,1438532325,85.306305,9.847507,176.928604,-0.074408,-0.012476,0.129130,2.407716,-5.536275,1.937723
3,1438548992,85.329163,9.809772,176.875305,-0.044193,0.038854,0.188277,2.150218,-5.859020,2.194823
4,1438565659,85.335907,9.769933,176.815506,-0.023549,0.051242,0.199841,1.246628,-6.252265,2.289346
5,1438582326,85.342384,9.730631,176.750534,-0.022794,0.039647,0.185435,1.280616,-6.557032,2.232909
6,1438598993,85.362808,9.697073,176.682114,-0.012988,0.049392,0.214210,2.151089,-6.738382,1.873550
7,1438615660,85.371529,9.668129,176.604156,0.002303,0.085319,0.256071,1.541302,-7.271831,1.552917
8,1438632327,85.366066,9.648928,176.520493,-0.003049,0.050710,0.215110,0.747321,-7.567056,0.943438
9,1438648994,85.347801,9.637672,176.440765,0.003252,0.091562,0.254091,-0.061394,-7.288056,0.486545
10,1438665661,85.327629,9.628357,176.367859,0.016961,0.080145,0.088418,-0.245844,-6.880366,0.401486
11,1438682328,85.321266,9.619054,176.305603,0.039670,0.093437,0.075601,0.475122,-6.252637,0.451264
12,1438698995,85.322830,9.615679,176.259460,-0.021794,0.112042,0.159935,0.788929,-5.270006,0.174467
13,1438715662,85.323242,9.611320,176.226501,0.010553,0.106678,0.064463,0.586678,-4.502124,0.296768
14,1438732329,85.331879,9.610404,176.205841,-0.021903,0.021186,0.153672,0.956257,-3.759496,0.150647
15,1438748996,85.350594,9.615086,176.196426,-0.052747,0.064434,0.123377,1.450467,-3.066045,-0.129908
16,1438765663,85.367149,9.622342,176.191071,-0.041238,0.077531,0.196438,1.280155,-2.822302,-0.263708
17,1438782330,85.367203,9.635634,176.180603,-0.073451,0.071176,0.158208,0.340066,-3.088430,-0.649500
18,1438798997,85.361900,9.652617,176.165909,-0.068244,0.071757,0.128363,0.062296,-3.320610,-0.890323
19,1438815664,85.355026,9.669970,176.151245,-0.082837,0.041083,0.107314,-0.032823,-3.315692,-0.912516
20,1438832331,85.358261,9.681082,176.138336,-0.069926,0.067172,0.028687,0.557134,-3.244245,-0.530593
21,1438848998,85.363976,9.686584,176.130859,-0.122037,0.075202,0.157291,0.650326,-2.945294,-0.169441
22,1438865665,85.372475,9.689384,176.129074,-0.121099,0.048388,0.115362,0.760640,-2.630565,0.019318
23,1438882332,85.386269,9.686423,176.131821,-0.110232,0.087072,0.107934,1.033953,-2.391650,0.384940
24,1438898999,85.401657,9.685352,176.140442,-0.184440,0.015761,0.145883,1.067390,-2.037516,0.300136
25,1438915666,85.420296,9.682115,176.154724,-0.140390,0.110027,0.180290,1.207568,-1.715680,0.455964
26,1438932333,85.426628,9.677080,176.170364,-0.142908,0.110224,0.228106,0.455618,-1.641057,0.569505
27,1438949000,85.432732,9.668675,176.191208,-0.142776,0.089909,0.070225,0.388935,-1.355988,0.795050
28,1438965667,85.451851,9.656078,176.215851,-0.096079,0.107717,0.110075,1.131857,-1.144606,1.063625
29,1438982334,85.463264,9.637212,176.234344,-0.115939,0.078838,0.125897,0.731941,-1.539208,1.408948
30,1438999001,85.467010,9.616117,176.249283,-0.088063,0.105481,0.087128,0.309113,-1.763063,1.525268
31,1439015668,85.468987,9.591822,176.266113,-0.082095,0.182396,0.174141,0.184149,-1.668488,1.725240
32,1439032335,85.468620,9.563681,176.290527,-0.053386,0.175241,0.065938,-0.032336,-1.233303,1.991125
33,1439049002,85.478073,9.535258,176.322189,-0.050670,0.102609,0.093261,0.486033,-0.807274,2.042197
34,1439065669,85.486275,9.504745,176.351074,-0.045847,0.052129,0.152014,0.438739,-0.974871,2.153369
35,1439082336,85.482689,9.475018,176.378952,-0.031790,0.066018,0.236619,-0.256486,-1.037558,2.100939
36,1439099003,85.466888,9.455060,176.408798,-0.033452,0.118172,0.282747,-1.010229,-0.866554,1.527266
37,1439115670,85.458321,9.444749,176.444183,0.006813,0.089172,0.179743,-0.627639,-0.503008,0.976350
38,1439132337,85.462212,9.446187,176.487488,0.019165,0.026237,0.224224,0.041192,0.023045,0.311047
39,1439149004,85.475250,9.450035,176.536270,0.050649,0.065476,0.136390,0.535581,0.358085,0.191833
40,1439165671,85.484169,9.451645,176.583878,0.079027,0.034682,0.131662,0.300584,0.277533,0.320165
41,1439182338,85.482338,9.453364,176.623230,0.079660,0.028376,0.123664,-0.264605,-0.199164,0.275573
42,1439199005,85.476250,9.451722,176.650223,0.113526,-0.010680,0.043482,-0.397663,-0.948771,0.419056
43,1439215672,85.475143,9.445072,176.663956,0.132119,-0.059619,0.037215,0.031267,-1.754188,0.656921
44,1439232339,85.466133,9.421668,176.657089,0.169797,-0.122462,0.005956,-0.238301,-3.058259,1.563470
45,1439249006,85.450516,9.386128,176.625381,0.182448,-0.148390,-0.025012,-0.393578,-4.573660,2.173244
46,1439265673,85.425011,9.339014,176.564484,0.198064,-0.139944,0.057010,-0.702761,-6.351618,2.728233
47,1439282340,85.391571,9.287140,176.476303,0.156973,-0.116209,0.076890,-0.918702,-7.987104,2.881513
48,1439299007,85.366547,9.236313,176.369370,0.152755,-0.155359,0.106135,-0.236264,-9.095481,2.726786
49,1439315674,85.350258,9.191568,176.248505,0.164489,-0.168509,0.150729,0.412243,-9.887671,2.294700
50,1439332341,85.337120,9.146989,176.114746,0.182876,-0.198218,0.141994,0.722515,-10.640878,2.221948
51,1439349008,85.316940,9.107695,175.967834,0.173712,-0.173216,0.190182,0.418633,-11.405339,1.839089
52,1439365675,85.292633,9.071719,175.802521,0.164289,-0.166561,0.190058,0.338145,-12.475606,1.548769
53,1439382342,85.262321,9.045294,175.619690,0.161586,-0.061070,0.267661,0.139160,-13.456641,0.888384
54,1439399009,85.199219,9.029490,175.407974,0.161981,-0.122336,0.316995,-1.562132,-15.113066,0.101727
55,1439415676,85.134995,9.024635,175.167969,0.144487,-0.209896,0.267594,-1.364620,-16.722969,-0.707551
56,1439432343,85.067558,9.034698,174.894485,0.204920,-0.090412,0.354614,-1.244305,-18.627066,-1.784644
57,1439449010,84.888336,9.066271,174.586761,0.384126,0.915397,0.754309,-7.619254,-20.533379,-3.282081
58,1439465677,84.356384,9.150819,174.295120,0.845686,2.911560,1.541719,-28.918343,-19.255327,-6.468478
59,1439482344,83.155960,9.341578,174.109741,1.160911,4.413023,2.357915,-70.000893,-12.201895,-12.370058
60,1439499011,81.223984,9.677835,174.063629,1.519872,4.590378,2.857241,-115.216698,-2.487100,-20.158575
61,1439515678,78.905052,10.176160,174.181458,1.435370,3.265361,2.408094,-140.099350,9.493501,-28.048788
62,1439532345,76.914055,10.825712,174.591690,0.932556,2.273727,1.251692,-123.685631,29.299265,-32.838776
63,1439549012,75.715485,11.635240,175.446106,0.323163,2.448841,1.084943,-81.632042,57.827579,-35.091106
64,1439565679,75.089684,12.586424,176.725555,-0.019637,2.728880,1.858569,-53.383579,84.500008,-36.103928
65,1439582346,74.706367,13.681149,178.389145,-0.861965,3.195496,2.645486,-45.405247,108.441154,-37.879547
66,1439599013,74.447823,14.926318,-179.558868,-1.904089,3.268844,2.609171,-45.649506,132.347244,-40.078773
67,1439615680,74.503403,16.291546,-177.106644,-2.588821,2.645570,1.302294,-35.966389,155.932480,-40.782345
68,1439632347,75.151978,17.744123,-174.234665,-3.213946,1.852313,0.115141,-11.232704,179.302139,-40.772396
69,1439649014,76.431763,19.270151,-170.936996,-4.159380,1.857575,0.204410,14.259284,201.823532,-42.486141
70,1439665681,78.208748,20.854822,-167.246246,-5.200744,1.872688,0.305567,30.921249,221.267487,-46.872032
71,1439682348,80.326721,22.449316,-163.237137,-5.261047,1.178652,-0.561083,38.591507,234.911606,-52.128677
72,1439699015,82.729919,24.026819,-159.043060,-4.417777,0.506942,-1.302114,45.173054,240.086182,-59.317039
73,1439715682,85.263718,25.504961,-154.707199,-4.244142,0.457166,-1.261952,43.317371,241.635071,-63.258965
74,1439732349,87.580688,26.806053,-150.419174,-4.438900,0.859435,-0.869635,25.898067,232.782715,-63.266541
75,1439749016,89.548698,27.825928,-146.377319,-4.084702,0.563209,-1.857480,7.114498,214.357208,-55.548092
76,1439765683,91.140129,28.491039,-142.695892,-2.923738,-0.128506,-2.774038,-8.404939,191.917328,-40.858566
77,1439782350,92.131538,28.865685,-139.489700,-1.494854,-1.088293,-2.679836,-32.462757,165.483948,-27.073061
78,1439799017,92.040741,28.944338,-136.835693,-1.369806,-1.904272,-1.449817,-82.030556,136.561111,-9.579280
79,1439815684,90.661804,28.864134,-134.807297,-0.783729,-2.485809,-0.886600,-141.167252,104.057175,2.508082
80,1439832351,88.400108,28.643330,-133.230560,-0.098499,-2.969122,-1.002479,-180.822311,80.259209,14.135166
81,1439849018,85.697693,28.293484,-131.988632,0.789071,-3.562124,-0.745019,-197.286194,61.776794,24.542604
82,1439865685,82.925751,27.820429,-130.981339,1.440149,-4.166221,-0.254480,-194.369339,47.693516,33.733383
83,1439882352,80.502487,27.231304,-130.092102,2.966591,-4.889447,-0.452372,-169.693222,39.163685,41.996319
84,1439899019,78.995827,26.659489,-129.241226,4.466918,-5.658422,-0.808078,-113.189552,36.119297,42.055241
85,1439915686,78.561028,26.156380,-128.431549,4.612906,-5.436810,-0.886655,-47.373741,34.247181,38.270409
86,1439932353,78.721092,25.670454,-127.724785,5.452356,-5.082674,-1.357128,-8.623992,29.105970,36.293282
87,1439949020,78.952682,25.223080,-127.329102,6.004858,-5.133115,-1.627269,3.975292,13.294253,30.682756
88,1439965687,78.896118,24.737883,-127.426376,5.984056,-5.229182,-1.951423,-0.666675,-13.316046,27.754080
89,1439982354,78.567154,24.168051,-128.035233,5.720164,-5.259301,-2.436820,-4.372459,-41.818413,27.237534
90,1439999021,78.147896,23.510218,-129.064240,5.476777,-4.945460,-2.576411,0.020804,-65.786041,27.465290
91,1440015688,77.803711,22.805103,-130.403336,5.369985,-4.825585,-2.672412,11.149892,-83.570976,26.196266
92,1440032355,77.627739,22.073811,-131.983551,5.198654,-4.780589,-2.640527,25.818064,-97.456093,24.436693
93,1440049022,77.667770,21.310987,-133.768539,4.858565,-4.899398,-2.346745,42.155167,-109.491341,23.633791
94,1440065689,77.980316,20.513462,-135.750290,4.243053,-5.029831,-1.968221,61.343918,-121.142738,23.564665
95,1440082356,78.628731,19.683788,-137.927292,3.352274,-4.947128,-1.427965,83.916649,-132.679306,24.101137
96,1440099023,79.502365,18.850998,-140.292786,2.413948,-4.100930,-0.462293,99.362495,-143.489120,23.868694
97,1440115690,80.369713,18.051249,-142.864227,1.937297,-3.547692,0.325559,100.971115,-154.940720,21.897102
98,1440132357,81.164688,17.284336,-145.659653,1.613341,-3.491215,0.837266,98.691879,-167.576126,20.004103
99,1440149024,81.936798,16.527737,-148.725632,1.356712,-3.971230,1.209891,99.905136,-183.213669,19.270285
100,1440165691,82.714890,15.790752,-152.145142,0.491561,-3.981013,2.233150,103.858559,-203.645065,17.739204
101,1440182358,83.526619,15.140909,-155.944672,-0.869221,-2.967984,2.937610,109.557320,-225.243378,12.627844
102,1440199025,84.267883,14.594159,-160.106979,-1.901668,-1.707596,3.165139,108.611954,-245.932877,7.195961
103,1440215692,84.777260,14.151872,-164.667572,-2.288364,-1.338625,3.037345,98.549286,-268.827209,1.355470
104,1440232359,85.060204,13.746039,-169.626923,-2.678367,-1.959063,1.808229,88.776215,-292.246307,-1.080097
105,1440249026,85.170006,13.328983,-174.979019,-3.739239,-2.198593,1.328085,81.833191,-315.632233,-1.407203
106,1440265693,84.911133,12.893922,179.370804,-5.290165,-0.077530,2.253361,61.464653,-333.627930,-2.292114
107,1440282360,84.086075,12.451476,173.570709,-5.773528,1.838712,2.660950,26.971046,-342.958496,-5.882490
108,1440299027,82.868538,12.015069,167.770264,-5.748726,2.484527,1.781348,0.848268,-343.353790,-12.379350
109,1440315694,81.618813,11.608907,162.131760,-5.460079,3.958477,0.752691,-5.568258,-333.872955,-20.300974
110,1440332361,80.317917,11.243074,156.853104,-4.443337,6.175714,1.028432,-15.145470,-312.519012,-26.812792
111,1440349028,78.806587,10.925908,152.084793,-3.211383,6.677839,0.956501,-35.499454,-282.069794,-31.912218
112,1440365695,77.306030,10.672401,147.942062,-2.472291,6.218749,0.264587,-43.287266,-244.544220,-35.413303
113,1440382362,76.138100,10.527205,144.581894,-1.110530,8.206619,0.558860,-32.825855,-197.398087,-36.805546
114,1440399029,75.394249,10.543922,142.213837,0.540807,9.502819,0.810527,-18.490915,-137.686691,-35.095280
115,1440415696,75.144516,10.799647,140.953995,1.426697,9.550303,0.798274,-0.815872,-70.476227,-33.514965
116,1440432363,75.463486,11.342333,140.807312,1.430760,9.004786,1.048577,21.012321,-2.630528,-33.487469
117,1440449030,76.388458,12.163149,141.719772,1.388822,8.697980,1.564416,44.542038,61.439732,-34.544407
118,1440465697,77.821289,13.184875,143.576416,1.467988,8.712017,1.970804,61.732246,117.090096,-35.315613
119,1440482364,79.540230,14.355229,146.240005,1.287257,8.687791,2.163254,65.303429,163.453629,-38.203915
120,1440499031,81.376572,15.649292,149.597717,0.679681,8.280768,1.926313,58.244160,202.235260,-44.123901
121,1440515698,83.192917,17.063686,153.526474,-0.176815,7.764550,2.065948,42.818092,232.988800,-53.532795
122,1440532365,84.830391,18.588879,157.958298,-1.321388,7.295916,2.151358,17.078434,258.758453,-64.395889
123,1440549032,86.314026,20.194496,162.877975,-2.520337,6.683430,1.585847,-8.739083,282.482941,-74.333931
124,1440565699,87.822426,21.818985,168.285522,-3.520605,5.579264,0.287728,-25.545561,304.911438,-81.616058
125,1440582366,89.438881,23.373610,174.104736,-4.325717,4.250648,-0.606913,-36.903641,321.912598,-85.303505
126,1440599033,90.977463,24.768902,-179.832825,-4.948060,3.114559,-1.072641,-55.764427,329.228607,-84.677277
127,1440615700,92.217476,25.948677,-173.708725,-5.217665,1.810031,-1.720075,-82.651909,327.354797,-79.775558
128,1440632367,93.067390,26.884384,-167.699997,-5.039455,0.474794,-2.302690,-109.043922,317.360229,-70.740608
129,1440649034,93.551460,27.577534,-161.964737,-4.656991,-0.819738,-2.519372,-128.024368,300.483368,-58.966465
130,1440665701,93.655800,28.039419,-156.607864,-4.270157,-1.903901,-2.367636,-143.268387,279.401215,-45.321449
131,1440682368,93.297035,28.301477,-151.710770,-3.803757,-2.989467,-1.942107,-159.802383,255.005310,-31.200821
132,1440699035,92.310966,28.380798,-147.340912,-3.474007,-3.531356,-1.411806,-183.180756,227.682312,-15.846864
133,1440715702,90.796806,28.316187,-143.482086,-2.923025,-4.542824,-0.899445,-200.326096,201.218933,-1.457341
134,1440732369,89.128845,28.175749,-140.033325,-2.518635,-5.373211,-0.608941,-197.552399,179.701736,8.736150
135,1440749036,87.700089,27.974089,-136.899719,-1.736386,-5.791761,-0.579762,-173.769745,162.913620,16.872908
136,1440765703,86.560394,27.739454,-134.064774,-0.621705,-6.172889,-0.315615,-147.430481,146.903381,21.774086
137,1440782370,85.590080,27.491518,-131.553299,0.682119,-6.410288,-0.340746,-127.655350,129.602402,24.161234
138,1440799037,84.686134,27.226461,-129.442642,1.993207,-6.640354,-0.105786,-112.031555,108.132980,25.557510
139,1440815704,83.765968,26.922855,-127.822701,3.336690,-6.683656,0.174837,-99.065346,81.691826,27.007420
140,1440832371,82.884163,26.584188,-126.701622,4.462179,-6.425857,-0.040755,-82.822929,54.713936,27.337690
141,1440849038,82.044083,26.218670,-126.049530,5.490176,-5.895219,-0.311977,-67.461319,29.298521,26.511169
142,1440865705,81.235840,25.844707,-125.819504,6.230416,-5.424705,-0.742222,-54.231026,6.448020,24.176033
143,1440882372,80.583733,25.484156,-125.929375,6.634711,-4.973444,-1.052583,-35.974949,-11.825755,20.597452
144,1440899039,80.096512,25.130985,-126.366043,6.833085,-4.445098,-1.232125,-17.764151,-29.444191,17.093729
145,1440915706,79.701500,24.766285,-127.167755,6.892377,-3.837620,-1.301789,-3.165170,-49.297604,14.076147
146,1440932373,79.425774,24.407860,-128.336670,6.472937,-3.521495,-1.069358,12.862996,-69.130516,9.783295
147,1440949040,79.334984,24.055435,-129.823868,6.084992,-3.478710,-0.766521,31.378712,-86.381500,5.979098
148,1440965707,79.383652,23.699308,-131.622589,5.810882,-3.753348,-0.647333,46.790886,-103.436028,2.975223
149,1440982374,79.521477,23.319727,-133.753189,5.093043,-3.960814,-0.539778,59.427319,-121.897720,1.135657
150,1440999041,79.731178,22.887798,-136.235748,4.065168,-4.137000,-0.197592,71.173279,-141.912476,1.029242
151,1441015708,80.007790,22.404190,-139.073257,2.732380,-4.030940,0.226167,82.277550,-162.253601,1.139405
152,1441032375,80.360657,21.888960,-142.227676,1.505956,-3.805192,0.656787,92.634354,-180.483002,0.789197
153,1441049042,80.715675,21.379501,-145.689163,0.643312,-3.744695,1.117201,97.973457,-197.920975,-1.369810
154,1441065709,80.965942,20.903488,-149.489655,-0.032246,-4.079670,1.469941,97.352768,-216.975235,-5.439916
155,1441082376,80.992012,20.449627,-153.671219,-1.081795,-4.053803,1.639503,90.241257,-238.558105,-9.691137
156,1441099043,80.738487,19.993736,-158.200455,-2.308384,-3.427290,1.239655,78.815025,-258.572510,-13.257700
157,1441115710,80.261497,19.516075,-163.001511,-3.509588,-2.189552,0.791412,68.839722,-274.580750,-16.260002
158,1441132377,79.569145,18.994207,-167.988556,-4.056755,-1.110608,0.473835,57.239197,-286.060455,-18.417057
159,1441149044,78.695541,18.453918,-173.067780,-4.445377,-0.151512,0.448298,45.529148,-292.024872,-22.364433
160,1441165711,77.814293,17.908873,-178.118011,-4.416890,0.150118,-0.041718,41.790649,-290.993256,-26.367176
161,1441182378,77.130516,17.365675,176.889023,-4.604707,0.060840,-0.549558,49.857758,-288.249207,-29.895777
162,1441199045,76.646896,16.822475,171.983398,-4.901262,1.124361,-0.356931,57.610542,-283.888489,-31.862679
163,1441215712,76.127449,16.231846,167.291702,-4.897160,3.788611,0.579127,49.023552,-273.136505,-28.863853
164,1441232379,75.429321,15.585938,162.996429,-4.198065,4.226357,0.107549,28.878296,-252.282578,-23.115698
165,1441249046,74.935715,14.967492,159.002441,-3.430993,3.018023,-0.672208,33.646214,-235.502991,-23.046089
166,1441265713,75.027229,14.456485,155.429779,-3.099075,5.374926,-0.146508,60.044899,-210.734238,-23.910366
167,1441282380,75.480148,14.063163,152.434204,-1.834966,7.175904,1.208639,71.565315,-177.017853,-21.321579
168,1441299047,75.772354,13.778697,150.006409,-0.438492,7.759282,1.933522,52.710144,-143.755829,-18.376770
169,1441315714,75.749069,13.634351,148.151108,0.742725,8.288580,2.358202,25.127712,-109.512360,-18.024158
170,1441332381,75.482979,13.676024,146.945724,1.432176,8.222249,2.480127,1.272994,-70.016037,-19.704538
171,1441349048,75.202721,13.916265,146.466553,1.845266,8.075457,2.442733,-9.779789,-25.932123,-20.842871
172,1441365715,75.132233,14.339936,146.749008,2.234601,8.088342,2.394238,-8.169694,19.833387,-20.206390
173,1441382382,75.335709,14.922659,147.754089,2.358811,8.083714,2.100333,-2.811754,62.775265,-18.784790
174,1441399049,75.821930,15.675056,149.430573,1.822114,7.612756,2.156859,2.861619,102.657669,-19.406401
175,1441415716,76.524734,16.598127,151.713669,1.109296,7.010010,2.143508,4.338753,138.463867,-22.181377
176,1441432383,77.401779,17.683462,154.513428,0.341173,6.209893,2.009425,3.369984,168.523651,-27.079205
177,1441449050,78.390297,18.929049,157.776413,-0.581804,5.716572,2.129267,-1.915005,194.858276,-33.941418
178,1441465717,79.363441,20.305620,161.444000,-1.578365,5.235822,2.146791,-15.211938,216.767456,-40.890148
179,1441482384,80.358238,21.781637,165.472015,-2.658270,4.322311,1.386589,-26.801134,235.073853,-47.298325
180,1441499051,81.571465,23.333338,169.838806,-3.520882,3.160049,0.417933,-27.414938,251.019623,-53.770813
181,1441515718,83.053528,24.928583,174.526535,-4.225683,1.819602,-0.208189,-25.757885,264.617371,-60.329411
182,1441532385,84.611336,26.514654,179.451355,-4.716544,0.985065,-0.063490,-34.460308,272.318359,-65.818298
183,1441549052,86.028252,28.028034,-175.499985,-4.906644,0.094093,-0.537513,-53.450497,273.178925,-68.334435
184,1441565719,87.343414,29.434605,-170.390305,-5.018017,-0.895277,-1.445351,-68.115067,270.682495,-68.514595
185,1441582386,88.620743,30.704262,-165.271622,-4.905978,-1.817138,-1.920326,-76.876053,265.717468,-66.579315
186,1441599053,89.809341,31.817312,-160.231018,-4.623267,-2.572232,-2.255580,-85.245628,256.830048,-63.046684
187,1441615720,90.801857,32.736481,-155.356766,-4.450822,-3.282025,-2.189777,-96.223206,244.385864,-56.286385
188,1441632387,91.482185,33.447094,-150.752960,-3.841699,-3.660332,-2.355486,-109.574211,227.942154,-47.069271
189,1441649054,91.941040,33.934101,-146.452438,-2.832715,-3.947158,-2.769931,-115.172058,211.143356,-35.457256
190,1441665721,92.262428,34.206047,-142.528885,-2.136669,-3.890347,-2.843496,-112.160065,191.690445,-23.301291
191,1441682388,92.209724,34.240627,-139.123978,-1.459370,-4.006936,-2.234982,-117.611626,166.132416,-8.510707
192,1441699055,91.455193,34.035595,-136.415894,-0.380062,-4.479133,-1.239786,-136.011520,132.236877,8.143678
193,1441715722,90.039070,33.608849,-134.433517,1.879931,-4.891488,-0.647010,-150.730392,96.572189,24.464228
194,1441732389,88.353050,33.016048,-133.104401,3.977109,-5.096534,-0.412646,-144.531631,63.567074,36.648746
195,1441749056,86.640053,32.291553,-132.383499,4.817028,-5.047357,0.262518,-125.717880,31.920330,45.168354
196,1441765723,84.827309,31.460258,-132.262863,5.248226,-4.845202,0.937130,-112.208923,-0.144591,50.348213
197,1441782390,82.953690,30.590916,-132.639740,6.322367,-4.714921,0.774803,-100.407822,-27.369089,49.952267
198,1441799057,81.271782,29.778887,-133.372604,7.491182,-4.663764,0.218781,-78.476715,-46.879921,43.195332
199,1441815724,79.783340,29.067867,-134.413971,7.478525,-4.547067,0.278333,-58.309338,-63.237473,33.278133
200,1441832391,78.449753,28.461201,-135.709885,7.066989,-4.164132,-0.089871,-42.327271,-76.335281,23.038525
201,1441849058,77.415291,27.977461,-137.164551,6.635168,-3.830230,-0.768585,-20.553333,-83.790321,12.474674
202,1441865725,76.695747,27.591778,-138.765060,6.126629,-3.736935,-1.244559,1.812119,-90.502876,3.698497
203,1441882392,76.210632,27.240698,-140.567078,5.610217,-3.960255,-1.653272,20.873650,-100.748901,-1.815624
204,1441899059,75.984703,26.863436,-142.611816,5.267117,-4.338382,-2.202610,42.418697,-114.000992,-4.083838
205,1441915726,75.987328,26.431505,-144.919006,4.502661,-4.685466,-2.119661,62.391804,-128.812805,-4.615703
206,1441932393,76.038452,25.910391,-147.522018,3.230017,-4.670176,-1.678576,72.082870,-146.061462,-3.331730
207,1441949060,75.993454,25.287008,-150.431213,1.941098,-4.471107,-1.342729,72.834206,-164.280457,-1.534939
208,1441965727,75.860672,24.547132,-153.624191,0.829544,-4.441033,-0.955914,72.847282,-181.803635,1.027419
209,1441982394,75.751938,23.694984,-157.079880,-0.079433,-4.599438,-0.605196,78.297417,-198.473892,3.381579
210,1441999061,75.796944,22.748840,-160.780853,-1.049009,-4.670045,-0.742514,90.334396,-214.238281,5.093807
211,1442015728,75.946693,21.713036,-164.684372,-2.180625,-4.222253,-0.338468,97.659943,-227.890854,7.561094
212,1442032395,75.953400,20.600412,-168.768768,-3.459796,-3.048072,0.577323,88.911934,-240.393127,9.488050
213,1442049062,75.645020,19.433496,-172.990311,-4.261815,-2.065406,1.280327,68.261711,-250.372040,9.697551
214,1442065729,75.028015,18.257584,-177.321350,-4.799749,-1.133803,1.698808,46.993275,-258.266174,6.203065
215,1442082396,74.121758,17.047937,178.195862,-4.878745,-0.347003,0.903598,27.272850,-268.861206,1.991189
216,1442099063,73.055122,15.820810,173.608414,-4.870850,0.391527,-0.271844,13.967316,-276.541962,-3.769800
217,1442115730,71.638145,14.612056,168.852737,-5.115133,1.404301,0.394183,-10.017608,-286.856903,-14.197716
218,1442132397,69.634926,13.471418,164.036270,-5.414505,3.914179,2.410292,-49.942020,-289.692078,-28.199818
219,1442149064,67.104851,12.410434,159.340515,-4.677280,5.553207,3.003700,-88.549866,-281.245453,-41.860825
220,1442165731,64.704971,11.467534,154.958023,-3.703432,5.767817,1.440426,-89.445274,-260.477661,-53.205231
221,1442182398,63.192234,10.680013,151.187866,-2.533936,6.977807,-0.168087,-47.192307,-222.733749,-54.868458
222,1442199065,62.710670,10.096937,148.185287,-1.112296,8.214735,0.256647,3.695920,-176.279144,-49.246826
223,1442215732,62.744545,9.708175,145.992920,0.064257,8.821332,2.059834,24.767506,-128.414917,-38.479774
224,1442232399,62.864639,9.478431,144.573868,0.932837,8.411304,2.562554,21.524277,-83.525192,-25.953846
225,1442249066,63.047367,9.416081,143.901566,1.431810,7.855754,2.226613,17.730221,-39.691307,-14.615099
226,1442265733,63.379990,9.522787,143.961105,1.866354,7.512595,2.060908,19.534622,3.473004,-3.992948
227,1442282400,63.917831,9.796668,144.709518,1.905369,6.971182,1.968143,24.915800,44.414661,5.053247
228,1442299067,64.749733,10.225861,146.068710,1.611639,6.302998,1.679431,35.933163,80.992554,11.696054
229,1442315734,65.898476,10.826694,147.958359,1.044163,5.764233,1.820997,48.421535,113.795662,13.894245
230,1442332401,67.220657,11.594705,150.311890,0.462333,5.224734,1.986102,52.099991,142.874496,12.938530
231,1442349068,68.556648,12.531168,153.059753,-0.294027,4.676762,2.247542,45.936405,167.979416,8.750485
232,1442365735,69.796707,13.628479,156.147766,-1.089107,4.047554,2.474374,32.718861,189.542587,2.737708
233,1442382402,70.967781,14.862243,159.534103,-1.853673,3.243058,1.965846,20.529387,207.801163,-3.492073
234,1442399069,72.160210,16.201618,163.199463,-2.354034,2.810180,1.386867,12.930236,223.867081,-9.110236
235,1442415736,73.439201,17.629128,167.136627,-2.843143,2.352576,0.894061,8.288873,238.665466,-14.860696
236,1442432403,74.883827,19.116087,171.330917,-3.195084,1.466903,0.190524,7.643312,251.539307,-20.519295
237,1442449070,76.514229,20.638142,175.752106,-3.594615,0.535683,0.058461,7.923143,261.720428,-26.736635
238,1442465737,78.205452,22.134438,-179.683365,-3.718476,-0.006813,-0.081944,1.910889,265.903687,-31.659826
239,1442482404,79.786247,23.534098,-175.067474,-3.776308,-0.312314,-0.494905,-12.305702,264.005768,-33.576893
240,1442499071,81.166077,24.797760,-170.493195,-3.784206,-0.435101,-0.900695,-29.225441,256.921387,-33.208931
241,1442515738,82.193192,25.896837,-166.096985,-3.933383,-0.465613,-0.991442,-50.927242,242.835434,-30.627729
242,1442532405,82.674942,26.793194,-161.987900,-3.766112,-1.074312,-0.882927,-80.105247,223.512268,-24.104650
243,1442549072,82.511597,27.495697,-158.259857,-3.285856,-2.111388,-0.744258,-111.427528,200.244629,-16.029079
244,1442565739,81.866814,28.039160,-154.942810,-2.271308,-2.975138,-1.166234,-130.968735,176.330063,-8.268996
245,1442582406,80.959991,28.438627,-151.991562,-1.466853,-3.282224,-1.467557,-137.751709,155.267487,-0.310025
246,1442599073,79.907715,28.685211,-149.345627,-0.984667,-3.290021,-1.062818,-138.596100,137.392197,8.679076
247,1442615740,78.770210,28.783472,-146.979355,-0.753243,-3.320195,-0.746419,-136.068176,120.882576,17.333139
248,1442632407,77.760674,28.742153,-144.814728,-0.246652,-3.553671,-1.004965,-122.633873,108.412155,25.676445
249,1442649074,77.094055,28.605982,-142.791656,0.587126,-3.937753,-1.214647,-97.816620,99.612984,31.248945
250,1442665741,76.877274,28.416325,-140.833740,1.241226,-4.022097,-1.031218,-68.668289,95.460884,34.428658
251,1442682408,77.097969,28.214626,-138.884720,1.426149,-3.958006,-0.672110,-41.825901,95.027748,35.065254
252,1442699075,77.713730,28.003525,-136.909073,1.724658,-3.831017,-0.569638,-18.517853,96.729568,35.255325
253,1442715742,78.709564,27.798983,-134.897568,2.763759,-4.079814,-1.025280,3.650265,99.358414,33.904675
254,1442732409,80.164711,27.630478,-132.876038,4.050765,-4.300487,-1.206901,31.258419,101.150810,29.728214
255,1442749076,82.161591,27.491058,-130.910568,4.810482,-4.164290,-1.531597,65.582809,99.472916,24.439173
256,1442765743,84.554230,27.315439,-129.076263,4.562053,-3.613205,-1.214437,93.223549,93.288048,21.888458
257,1442782410,86.903481,27.071856,-127.538345,4.341445,-2.590013,-0.818703,99.085587,78.217255,20.815521
258,1442799077,88.998138,26.737593,-126.359825,4.426603,-1.972373,-1.644139,93.968544,59.758801,22.432125
259,1442815744,90.840202,26.367891,-125.567329,4.792396,-1.876385,-1.387881,89.545090,39.963810,22.384048
260,1442832411,92.291245,26.006660,-125.218269,5.198047,-2.131196,-1.090702,78.080460,16.837864,21.301561
261,1442849078,93.270805,25.650694,-125.339584,5.238784,-2.475032,-0.559714,62.185001,-8.036967,21.805935
262,1442865745,93.765686,25.276699,-125.947693,4.970854,-2.804876,-0.284128,45.594608,-34.022423,24.576080
263,1442882412,93.944389,24.866508,-127.015541,4.400763,-3.164091,-0.121061,38.070927,-58.769058,28.619930
264,1442899079,94.062515,24.417982,-128.482727,4.063498,-3.420359,-0.085420,43.974495,-80.453064,32.596558
265,1442915746,94.321678,23.969498,-130.291153,3.565588,-3.398408,0.077044,60.173721,-99.256332,34.237640
266,1442932413,94.664009,23.550156,-132.443970,2.871994,-3.343398,0.440748,72.716599,-118.396332,34.510780
267,1442949080,94.860085,23.167356,-134.985275,1.993589,-3.305344,0.917263,72.338509,-140.092026,34.678295
268,1442965747,94.694801,22.812565,-137.958328,1.156937,-3.324517,1.310305,59.861027,-164.368683,35.059799
269,1442982414,94.151817,22.473495,-141.356750,0.425822,-3.288250,1.381115,46.023125,-188.554871,34.968647
270,1442999081,93.307899,22.133677,-145.173874,-0.263084,-2.759244,1.384995,36.382114,-212.614059,34.302879
271,1443015748,92.170853,21.780371,-149.405014,-0.956142,-1.964106,1.228199,26.797932,-236.656693,32.600586
272,1443032415,90.702560,21.385542,-154.025864,-1.453732,-1.089657,1.070891,13.996934,-259.626465,30.321747
273,1443049082,88.847031,20.924171,-159.029572,-1.692879,-0.562958,0.837681,-2.859048,-282.582123,26.758688
274,1443065749,86.561546,20.358595,-164.407883,-1.653729,-0.490890,0.342309,-23.222349,-305.582611,21.987526
275,1443082416,84.013779,19.667236,-170.130005,-1.629375,-1.005558,-0.814486,-35.191410,-327.406616,15.014544
276,1443099083,81.541145,18.827410,-176.008698,-2.476114,-1.167901,-1.370407,-31.908480,-339.184113,8.298172
277,1443115750,79.240089,17.851412,178.042236,-3.790015,-0.314491,-0.463321,-25.580711,-346.326630,1.353316
278,1443132417,76.970322,16.748297,172.125061,-4.684707,1.919515,0.596919,-30.433527,-347.833282,-4.930540
279,1443149084,74.552788,15.502100,166.447372,-4.551142,3.235797,0.809751,-50.259068,-338.098175,-7.850287
280,1443165751,72.259682,14.155405,161.127533,-3.959767,1.935434,-0.807803,-55.724026,-321.298645,-10.519573
281,1443182418,70.735161,12.837822,156.225525,-4.296029,1.293326,-1.657349,-22.693935,-298.832458,-15.624265
282,1443199085,70.131340,11.621418,151.873901,-4.433136,3.258129,-0.578977,19.168779,-267.410858,-16.510691
283,1443215752,69.873070,10.505665,148.102615,-2.933134,5.492717,1.630677,28.004875,-234.124924,-12.860909
284,1443232419,69.391121,9.508265,144.892517,-1.469598,6.189045,2.246585,4.642985,-201.202744,-9.738637
285,1443249086,68.891113,8.706103,142.387146,-0.706971,5.729637,1.044215,-6.111220,-158.394669,-7.704460
286,1443265753,68.637032,8.172899,140.504990,0.229952,5.359562,1.597981,1.432941,-118.265587,-10.476215
287,1443282420,68.656982,7.914224,139.362259,0.709097,5.618184,1.809000,10.904663,-71.451256,-10.106242
288,1443299087,68.998634,7.932664,138.992508,1.367139,5.815158,1.927052,23.681631,-22.644165,-8.818117
289,1443315754,69.576164,8.210932,139.374710,1.858313,5.901289,2.020533,31.569920,24.588266,-7.444606
290,1443332421,70.352455,8.731779,140.459366,1.779081,5.617630,1.789920,37.145607,68.633095,-7.171223
291,1443349088,71.315292,9.459186,142.176788,1.378439,5.025651,1.584729,41.653023,107.883163,-7.693945
292,1443365755,72.418137,10.370239,144.438034,0.936880,4.687633,1.954435,42.993454,141.470123,-10.231132
293,1443382422,73.520073,11.441538,147.160492,0.542836,4.519029,2.175550,35.410007,169.638229,-14.355539
294,1443399089,74.510384,12.645089,150.249237,0.192943,4.450881,2.031735,20.964994,191.567200,-19.385756
295,1443415756,75.357567,13.970257,153.659149,-0.415113,4.389507,1.867520,3.971449,210.368317,-24.902124
296,1443432423,76.110039,15.407602,157.396301,-1.177197,4.040287,1.289611,-11.455695,228.910187,-30.004089
297,1443449090,76.861351,16.939659,161.464325,-1.873731,3.630312,1.110666,-22.640413,246.861374,-34.466858
298,1443465757,77.585869,18.523838,165.840210,-2.601539,3.081814,0.944839,-36.204994,262.353485,-37.260300
299,1443482424,78.266228,20.112534,170.469513,-3.186105,2.499306,0.391562,-50.756519,273.693176,-38.249512
300,1443499091,78.988014,21.682098,175.311264,-3.631257,1.550248,-0.357037,-59.991562,282.081116,-38.668442
301,1443515758,79.857422,23.190056,-179.653198,-3.909425,0.768080,-0.854716,-62.811104,288.563812,-37.539814
302,1443532425,80.951698,24.590994,-174.474762,-4.008913,-0.262918,-1.400590,-59.831360,291.555634,-35.388027
303,1443549092,82.425682,25.860357,-169.199341,-3.759814,-1.475075,-2.110952,-46.117115,291.775208,-33.833794
304,1443565759,84.370773,26.990469,-163.822922,-3.466394,-1.994899,-2.274230,-26.517530,292.184143,-34.007862
305,1443582426,86.717018,27.950394,-158.395599,-3.295499,-2.082711,-2.200511,-9.103020,289.944641,-34.837044
306,1443599093,89.369408,28.706097,-152.993820,-2.845957,-2.521135,-2.360047,5.683634,284.102386,-35.440037
307,1443615760,92.249420,29.242035,-147.702744,-2.196281,-3.034629,-2.323149,19.357353,274.664185,-35.946144
308,1443632427,95.261147,29.549240,-142.611465,-1.380166,-3.503906,-2.146949,31.121679,261.781952,-35.695210
309,1443649094,98.348404,29.623863,-137.804703,-0.673797,-3.619417,-1.820092,43.202007,245.924622,-34.034893
310,1443665761,101.655212,29.504679,-133.310165,0.207190,-3.648493,-1.668258,65.718796,229.663010,-33.565670
311,1443682428,105.395699,29.177687,-129.099655,0.802580,-3.371352,-1.411709,101.000580,216.127991,-32.293304
312,1443699095,109.251587,28.645620,-125.279861,1.301239,-2.905596,-0.766817,120.916206,198.458313,-29.120829
313,1443715762,112.315285,27.983719,-122.125710,1.574563,-2.773700,0.320879,94.443756,167.284882,-21.834131
314,1443732429,113.937141,27.348898,-119.854683,2.098446,-3.291909,1.223076,34.450329,123.376007,-12.205600
315,1443749096,114.188568,26.909374,-118.443130,2.558427,-3.718627,1.629008,-23.130371,77.009377,-6.483068
316,1443765763,113.516403,26.692610,-117.729073,3.019657,-3.828416,1.522706,-59.260506,37.672367,-3.401387
317,1443782430,112.347855,26.650955,-117.550156,3.637621,-3.736019,1.358675,-74.558350,7.246251,-1.272298
318,1443799097,110.939171,26.726997,-117.802032,4.229957,-3.600650,1.162584,-77.379234,-16.796270,0.900530
319,1443815764,109.481003,26.850554,-118.418488,4.720740,-3.456257,0.838747,-70.489708,-36.105267,4.603492
320,1443832431,108.163979,26.970907,-119.321564,5.091102,-3.319189,0.208300,-54.193760,-50.616684,8.902380
321,1443849098,107.180122,27.080517,-120.420074,5.161536,-3.175687,-0.529726,-28.801378,-60.485371,11.703652
322,1443865765,106.479141,27.175863,-121.703346,4.516497,-2.819317,-0.749988,-6.699891,-69.790970,14.510913
323,1443882432,105.729851,27.238388,-123.250793,3.832099,-2.658693,-0.599746,-2.275772,-82.913918,19.450119
324,1443899099,104.757248,27.251341,-125.121719,3.181481,-2.661034,-0.748265,-6.756714,-99.026062,25.638268
325,1443915766,103.695824,27.196325,-127.273483,2.976696,-3.006986,-0.937201,-4.428791,-113.005478,31.561668
326,1443932433,102.893219,27.073421,-129.613052,3.035972,-3.595533,-1.104756,16.041853,-122.412086,36.052235
327,1443949100,102.455650,26.895113,-132.137985,3.060630,-4.169240,-0.966187,42.632019,-131.897171,40.204655
328,1443965767,102.054359,26.682558,-134.993256,2.390265,-4.264102,-0.345765,53.258949,-149.269485,45.072594
329,1443982434,101.356392,26.428663,-138.287323,1.111591,-4.176569,-0.077418,46.587173,-172.556488,50.932209
330,1443999101,100.473557,26.128971,-141.957489,0.140135,-3.990294,-0.483229,44.617565,-193.000656,55.190746
331,1444015768,99.745285,25.790773,-145.881104,-0.392946,-3.846383,-0.940217,59.433392,-207.348145,57.277508
332,1444032435,99.165253,25.411915,-150.043106,-1.162567,-3.389576,-0.633713,73.163208,-220.939880,59.567528
333,1444049102,98.440727,24.965029,-154.532898,-1.871109,-2.964380,-0.313087,71.231133,-239.334564,63.952969
334,1444065769,97.431152,24.419937,-159.371841,-2.331239,-2.846559,-0.207190,60.765789,-259.283051,68.960060
335,1444082436,96.369011,23.783041,-164.459106,-2.942740,-2.886938,-0.388084,60.962460,-274.553314,71.557091
336,1444099103,95.527092,23.059149,-169.692780,-3.652902,-2.457727,-0.322699,74.336006,-284.638428,73.207809
337,1444115770,94.927399,22.238245,-175.054001,-4.260796,-1.447362,-0.275116,87.903526,-293.697601,76.244415
338,1444132437,94.415466,21.301088,179.465591,-4.567463,0.224528,-0.304219,91.247559,-302.343719,81.060600
339,1444149104,93.741531,20.258253,173.911163,-4.260061,1.927815,-0.048671,77.817703,-308.914337,84.720581
340,1444165771,92.792671,19.156027,168.369965,-3.710741,2.565141,0.181741,55.212276,-311.287811,84.013130
341,1444182438,91.738510,18.068624,162.995926,-3.411741,2.713651,0.182379,39.702579,-305.339691,77.431641
342,1444199105,90.688126,17.022602,157.945770,-2.954742,4.351675,0.769723,28.363079,-290.094543,69.035141
343,1444215772,89.569115,16.037485,153.320999,-1.792237,5.977958,1.347648,11.855554,-268.479401,59.883034
344,1444232439,88.364510,15.143618,149.188004,-1.077580,6.018884,1.190577,-5.575666,-242.365082,49.502335
345,1444249106,87.118164,14.397991,145.612442,-0.262237,6.886112,1.735235,-20.022259,-211.637054,36.717354
346,1444265773,85.743904,13.849155,142.705368,0.826044,7.914441,2.509831,-39.821278,-173.460052,22.525961
347,1444282440,84.325615,13.522291,140.568222,1.608495,7.823348,2.153031,-54.671818,-128.404922,8.936342
348,1444299107,83.170349,13.439102,139.314392,2.042434,7.793640,1.863205,-51.674122,-75.854546,-2.835794
349,1444315774,82.498283,13.595716,138.987305,2.105180,7.454906,1.512686,-35.612148,-20.335091,-11.548109
350,1444332441,82.445671,13.967830,139.558929,1.858451,6.813684,1.025465,-11.180005,33.377647,-17.628036
351,1444349108,82.936752,14.520437,140.926697,1.475274,6.524533,1.274364,9.439841,80.544731,-22.638311
352,1444365775,83.715706,15.217062,142.965973,1.042924,6.137652,1.411475,15.527264,119.746826,-27.650518
353,1444382442,84.601654,16.039083,145.548157,0.512903,5.588994,1.237120,11.628620,150.889374,-33.768772
354,1444399109,85.461121,16.970274,148.570023,-0.030627,5.111671,1.262588,0.288477,175.466736,-40.498882
355,1444415776,86.214951,18.004189,151.949020,-0.660790,4.709305,1.241201,-15.441231,194.798599,-47.733784
356,1444432443,86.898811,19.120632,155.647293,-1.287090,4.294503,0.913613,-29.333797,211.442520,-54.130569
357,1444449110,87.555733,20.304644,159.644684,-1.913094,3.683963,0.635934,-41.188759,226.399124,-59.935177
358,1444465777,88.175064,21.537424,163.891693,-2.499715,2.958489,0.528189,-53.516048,238.053955,-64.948631
359,1444482444,88.731567,22.802214,168.326096,-3.059863,2.006617,0.539926,-66.673004,245.801483,-69.107643
360,1444499111,89.141426,24.078594,172.872665,-3.577625,1.367128,0.526987,-83.566162,249.114212,-71.822517
361,1444515778,89.495735,25.346102,177.506836,-3.798186,0.562808,-0.218127,-94.605515,250.928101,-72.940773
362,1444532445,89.926254,26.580048,-177.766891,-4.032508,0.045988,-0.696811,-97.919525,252.777496,-72.649414
363,1444549112,90.525993,27.745817,-172.963272,-3.880522,-1.102311,-1.032281,-95.189110,253.597687,-70.858292
364,1444565779,91.281471,28.832766,-168.152786,-3.662428,-1.946231,-0.948430,-91.044090,250.548477,-69.119148
365,1444582446,92.129768,29.813606,-163.386627,-3.549499,-2.185308,-1.210360,-88.730392,244.917603,-66.148384
366,1444599113,93.045654,30.658472,-158.701462,-3.103151,-2.599282,-1.594793,-86.174599,237.782333,-61.512310
367,1444615780,93.995140,31.343695,-154.177261,-2.495553,-3.401150,-1.931001,-82.404495,227.167526,-55.232819
368,1444632447,94.811653,31.835361,-149.970444,-2.160146,-3.582051,-1.898044,-82.779274,209.565063,-45.837593
369,1444649114,95.257889,32.097233,-146.223618,-1.842478,-3.064820,-1.863600,-91.782242,186.066513,-32.311539
370,1444665781,95.110939,32.117104,-143.016479,-1.361394,-2.301019,-1.893357,-110.626633,159.688766,-15.844702
371,1444682448,94.252419,31.895689,-140.378876,-0.707428,-1.860466,-2.129582,-134.914093,132.314255,2.358401
372,1444699115,92.865417,31.469387,-138.243896,0.030372,-1.869213,-2.122101,-150.017365,107.859886,18.837772
373,1444715782,91.320511,30.862356,-136.472580,0.630807,-2.197530,-1.406136,-147.221756,89.690903,33.154655
374,1444732449,89.877983,30.110392,-134.949448,0.831846,-2.522518,-0.213243,-132.445618,76.693146,44.373295
375,1444749116,88.762291,29.264059,-133.569565,1.162150,-2.691612,0.252131,-107.490318,68.799904,51.712517
376,1444765783,87.990456,28.378195,-132.284668,1.819663,-2.614270,0.483785,-83.029282,63.483700,55.127064
377,1444782450,87.593636,27.535326,-131.059509,2.858019,-3.036354,0.576649,-57.834663,60.409576,53.122086
378,1444799117,87.556297,26.801298,-129.882233,3.724858,-3.419779,0.984555,-34.077423,58.399349,46.751713
379,1444815784,87.674950,26.191732,-128.820877,4.375827,-3.553557,1.290553,-20.899813,52.890221,39.009991
380,1444832451,87.813805,25.706223,-127.947037,4.910160,-3.612885,1.154665,-14.245657,43.434902,31.064524
381,1444849118,87.902863,25.340395,-127.321091,5.313784,-3.459014,0.690836,-10.494196,30.519447,23.308498
382,1444865785,87.968544,25.082916,-126.993507,5.642426,-3.445941,0.270035,-4.115033,14.692307,16.193214
383,1444882452,88.052795,24.917023,-127.015335,5.891037,-3.514524,-0.178087,5.894247,-4.052649,10.026654
384,1444899119,88.112991,24.801764,-127.436035,5.899029,-3.503118,-0.391109,14.477990,-25.638752,6.271578
385,1444915786,88.142471,24.696417,-128.262863,5.651876,-3.619488,-0.815901,22.761215,-47.756760,4.977436
386,1444932453,88.226753,24.561302,-129.459885,5.208471,-3.926349,-1.083592,35.181850,-68.025925,6.172795
387,1444949120,88.359779,24.365353,-131.013077,4.400477,-4.237738,-0.982306,46.734680,-87.654869,9.368052
388,1444965787,88.582809,24.115534,-132.904694,3.499662,-4.340819,-1.012014,60.111034,-106.367241,12.369087
389,1444982454,88.926727,23.835281,-135.100235,2.518170,-4.011418,-0.787290,74.266045,-123.215988,14.343380
390,1444999121,89.270287,23.524477,-137.603745,1.528787,-3.617541,-0.465242,81.023628,-140.362091,16.631081
391,1445015788,89.502144,23.178314,-140.422287,0.734828,-3.275943,-0.054208,81.004990,-157.996384,19.256275
392,1445032455,89.597885,22.788578,-143.568710,0.165082,-3.183965,0.380954,79.506508,-176.499786,22.170433
393,1445049122,89.540993,22.371260,-147.037033,-0.472614,-3.116029,0.875483,76.521881,-194.847321,23.747946
394,1445065789,89.312088,21.940777,-150.839417,-1.398261,-2.342348,1.178835,72.329651,-214.072296,23.868546
395,1445082456,88.840744,21.501709,-154.973343,-2.101167,-1.242436,1.049039,63.538929,-233.346939,22.784489
396,1445099123,88.040810,21.061216,-159.388947,-2.466190,-0.428251,0.923142,48.190311,-250.025635,19.862707
397,1445115790,86.884613,20.630795,-164.030594,-2.605330,-0.184197,0.801374,29.774649,-263.676331,14.442146
398,1445132457,85.433342,20.184528,-168.914856,-2.655490,-0.597893,0.588476,15.166861,-278.366241,8.483825
399,1445149124,83.796684,19.690657,-173.996002,-3.079828,-0.391427,0.568306,5.822778,-290.642059,2.774701
400,1445165791,82.069534,19.099739,-179.115906,-3.461445,0.316064,0.116175,-1.544764,-294.455353,-0.293458
401,1445182458,80.453438,18.410650,175.836868,-3.526094,0.655595,-0.578723,0.463736,-292.243439,-2.531284
402,1445199125,79.301941,17.653051,170.939133,-3.619738,0.855210,-1.469077,21.919815,-285.614594,-4.192731
403,1445215792,78.875038,16.778910,166.237625,-3.888180,0.452546,-2.374678,57.896214,-277.058533,0.663178
404,1445232459,79.124733,15.769367,161.767059,-4.587530,-0.003030,-2.018460,90.142502,-266.877533,10.495047
405,1445249126,79.381393,14.585794,157.424179,-4.778144,1.062939,-0.568957,83.608459,-262.882935,23.036348
406,1445265793,78.926224,13.264172,153.114761,-3.730736,3.516241,1.331654,34.919613,-263.984650,30.809052
407,1445282460,77.489006,11.930980,148.916962,-1.715777,5.411405,1.860593,-31.266308,-259.535522,28.221003
408,1445299127,75.649818,10.770720,145.167847,-0.284170,5.476624,0.460352,-66.030411,-233.260712,16.642031
409,1445315794,74.405182,9.947160,142.150024,0.615404,5.054367,-0.598505,-42.079853,-187.409119,1.881850
410,1445332461,74.122902,9.508792,140.068954,1.543626,5.589855,0.741113,4.197237,-128.156616,-7.891540
411,1445349128,74.334915,9.357861,138.879166,2.597146,5.781214,2.801659,24.473448,-72.799889,-10.260357
412,1445365795,74.660225,9.445155,138.489105,3.018045,5.394766,2.790776,23.417759,-23.415586,-11.059829
413,1445382462,75.193192,9.766381,138.842590,2.860615,5.040798,1.943928,28.539928,22.649527,-13.018863
414,1445399129,76.050575,10.313045,139.870056,2.492532,4.690090,1.949402,40.817112,64.395554,-16.550743
415,1445415796,77.125954,11.037661,141.453949,2.172020,4.531933,2.340004,47.060177,98.383690,-20.486145
416,1445432463,78.221649,11.897935,143.450455,1.824253,4.661545,2.448123,42.085667,123.174202,-25.226374
417,1445449130,79.189804,12.874491,145.795303,1.298893,4.919837,2.143455,28.092897,143.691849,-30.409935
418,1445465797,80.010437,13.968090,148.464722,0.568308,4.791696,1.984052,12.268951,162.537491,-36.284309
419,1445482464,80.820145,15.212238,151.469803,-0.388650,4.344497,1.724986,3.389472,181.946304,-44.425125
420,1445499131,81.800522,16.615974,154.852936,-1.055162,4.084533,1.226698,3.405617,203.156113,-53.636669
421,1445515798,83.003288,18.161829,158.610962,-1.634751,4.039946,1.247569,5.029860,223.021545,-63.356014
422,1445532465,84.270157,19.779043,162.686157,-2.250057,3.738090,1.162664,-3.204180,238.033844,-70.676872
423,1445549132,85.480217,21.411585,166.984268,-2.752560,3.269090,0.555544,-17.821602,246.660080,-75.869240
424,1445565799,86.679588,23.034000,171.466995,-3.168218,2.732884,-0.128025,-29.453985,252.533539,-79.968109
425,1445582466,87.897667,24.611841,176.090027,-3.593246,2.044370,-0.328316,-38.623909,255.421707,-82.435760
426,1445599133,89.075768,26.108997,-179.208099,-3.875476,1.281131,-0.263075,-49.793365,254.682983,-82.944878
427,1445615800,90.147018,27.506535,-174.519730,-4.270411,0.543786,-0.191491,-62.216282,249.109436,-82.032967
428,1445632467,90.944527,28.793886,-169.938919,-4.655541,0.142417,-0.049777,-81.413338,239.072220,-79.439873
429,1445649134,91.301506,29.975750,-165.579025,-4.915064,-0.641826,0.058864,-106.507851,223.994492,-75.272522
430,1445665801,91.199409,31.065237,-161.531860,-4.584361,-1.481803,-0.544068,-128.984146,205.199936,-69.839729
431,1445682468,90.767944,32.073708,-157.797424,-3.897419,-2.047297,-1.163482,-142.720306,187.348282,-63.709007
432,1445699135,89.968178,33.005081,-154.388962,-3.414929,-2.241103,-0.870443,-157.500168,169.554764,-56.930611
433,1445715802,88.775291,33.834320,-151.314728,-2.656547,-2.360686,-0.918534,-172.665955,152.015427,-48.013130
434,1445732469,87.447792,34.541790,-148.515381,-1.501779,-2.837640,-1.284727,-173.527527,137.787109,-37.800842
435,1445749136,86.172180,35.117466,-145.925858,-0.488563,-3.060175,-1.112264,-164.773544,126.795227,-27.344193
436,1445765803,85.037262,35.554550,-143.513550,0.532350,-3.222412,-1.011950,-151.320282,117.277138,-17.050121
437,1445782470,84.170738,35.867996,-141.240829,1.249996,-3.356315,-0.878763,-131.109055,109.539429,-8.258206
438,1445799137,83.642830,36.084957,-139.112549,2.062335,-3.422293,-0.808240,-106.225983,101.679337,-1.914541
439,1445815804,83.454491,36.245659,-137.140915,2.928334,-3.495462,-0.731173,-80.659332,93.517578,1.215727
440,1445832471,83.476746,36.349834,-135.374512,3.484016,-3.200617,-0.695338,-60.974384,83.110191,3.583139
441,1445849138,83.512466,36.394825,-133.871826,3.968423,-2.851168,-0.879555,-50.912674,69.965591,5.625024
442,1445865805,83.465103,36.381905,-132.658661,4.370232,-2.788973,-0.868582,-45.634827,55.660305,7.506882
443,1445882472,83.378319,36.311497,-131.745361,4.665793,-2.926167,-0.792361,-37.315990,40.888329,9.353420
444,1445899139,83.442993,36.203754,-131.089127,4.939602,-2.974836,-0.985033,-19.060682,28.317125,10.174837
445,1445915806,83.744537,36.066635,-130.672958,5.038869,-3.047727,-0.901014,3.689726,16.633673,10.542631
446,1445932473,84.234100,35.907970,-130.518753,5.224645,-3.275620,-0.886367,24.228260,3.955833,10.375468
447,1445949140,84.874092,35.740459,-130.636444,5.079486,-3.520404,-0.933848,42.795109,-9.152378,9.592875
448,1445965807,85.515144,35.567314,-131.069275,4.510898,-3.497697,-0.755118,53.832172,-24.399891,8.721088
449,1445982474,85.999893,35.381985,-131.841034,3.851776,-3.235196,-0.722423,56.163204,-40.946796,8.439871
450,1445999141,86.355171,35.187347,-132.926514,3.345764,-3.125701,-0.767989,59.119701,-56.348328,8.251833
451,1446015808,86.559982,34.956676,-134.323547,2.980154,-3.338068,-0.470779,60.613811,-71.855019,9.721457
452,1446032475,86.615196,34.669582,-136.056396,2.688635,-3.645478,-0.393448,62.805332,-88.771034,12.263357
453,1446049142,86.627312,34.318020,-138.149582,2.245370,-3.686918,-0.400551,71.965172,-107.108429,15.106339
454,1446065809,86.627853,33.905365,-140.616699,1.654646,-3.503643,-0.268110,83.137276,-126.342712,17.657103
455,1446082476,86.520599,33.438087,-143.485336,0.881792,-3.169531,-0.112996,89.067886,-147.210861,19.580690
456,1446099143,86.181511,32.908348,-146.803177,0.149892,-2.735002,0.088389,88.643295,-170.865952,21.267879
457,1446115810,85.537735,32.300896,-150.603683,-0.338942,-2.262932,0.144547,84.301323,-196.774307,22.635704
458,1446132477,84.555473,31.600748,-154.886139,-0.643945,-1.619785,-0.039377,77.093613,-223.377579,23.180275
459,1446149144,83.278328,30.776245,-159.613159,-0.858430,-1.158009,-0.487724,70.304573,-249.052750,23.630503
460,1446165811,81.806534,29.798876,-164.703552,-1.130010,-0.776785,-0.653857,65.798409,-271.660553,24.065727
461,1446182478,80.257332,28.639450,-170.070526,-1.457654,-0.238491,-1.099184,64.312508,-290.993408,25.053152
462,1446199145,78.635818,27.263512,-175.577621,-2.116595,1.205412,-1.327414,57.668468,-304.597229,27.847893
463,1446215812,77.081551,25.685364,178.951508,-2.269469,1.275631,-1.717352,53.167519,-309.709595,30.915144
464,1446232479,75.800140,23.943033,173.611938,-2.908190,0.151441,-1.606366,57.654408,-309.737305,33.596191
465,1446249146,74.827904,22.071978,168.470459,-4.504289,0.363223,-0.173528,62.309536,-305.674988,36.757771
466,1446265813,73.679741,20.061796,163.515869,-5.296926,2.091496,2.090800,38.045845,-302.270477,40.946877
467,1446282480,71.945366,17.923410,158.748413,-4.563124,3.415806,2.278979,-10.866930,-298.855438,42.781513
468,1446299147,69.998878,15.814391,154.280167,-3.600776,3.251514,0.853626,-38.886024,-286.349060,36.113892
469,1446315814,68.494675,13.924067,150.288803,-2.891015,3.568994,0.448132,-28.713795,-259.188721,24.184969
470,1446332481,67.503944,12.316501,146.829636,-1.921511,4.247432,1.734858,-12.264151,-226.090973,13.857646
471,1446349148,66.666794,10.978345,143.926117,-0.680825,4.775958,2.709229,-14.992735,-190.971115,7.670467
472,1446365815,65.809334,9.922316,141.643494,0.547579,5.264378,2.956628,-26.532701,-151.349396,3.868167
473,1446382482,64.943642,9.210754,140.051651,1.204168,5.182343,2.887115,-35.983128,-105.946281,-0.280113
474,1446399149,64.250183,8.893744,139.197296,1.467972,4.819796,2.620543,-33.440613,-56.422096,-4.393221
475,1446415816,63.971088,8.985773,139.107590,1.586429,4.576174,2.288273,-15.792948,-4.894438,-7.150702
476,1446432483,64.208145,9.452595,139.766495,1.643073,4.488479,2.067134,8.027035,44.824715,-8.012788
477,1446449150,64.944420,10.251026,141.130630,1.482450,4.433513,1.715131,30.328939,90.883865,-8.525862
478,1446465817,66.122086,11.356914,143.150726,0.946532,4.338249,1.517952,48.112572,133.335678,-10.969292
479,1446482484,67.598328,12.715362,145.746185,0.336173,4.030200,1.443697,56.286678,169.567719,-14.983745
480,1446499151,69.189178,14.264746,148.814407,-0.361399,3.734643,1.503152,52.703560,198.169769,-20.395819
481,1446515818,70.768776,15.965492,152.288742,-0.970349,3.574685,1.421951,40.628677,221.518768,-26.861132
482,1446532485,72.238678,17.771357,156.113068,-1.605575,3.647704,1.409626,21.840508,240.111420,-32.974079
483,1446549152,73.508652,19.632252,160.225677,-2.353148,3.513071,1.094789,-2.670679,253.743942,-37.756599
484,1446565819,74.611458,21.503803,164.597427,-3.007545,2.705428,0.442167,-25.705673,264.477448,-40.413799
485,1446582486,75.790146,23.367996,169.216232,-3.631259,1.868056,-0.278152,-34.756702,273.725647,-42.596943
486,1446599153,77.320625,25.171026,174.095947,-4.297153,1.295982,-1.032248,-28.218040,282.241638,-43.045811
487,1446615820,79.216331,26.813162,179.179596,-4.780715,1.010425,-1.392825,-19.628368,285.964752,-40.619354
488,1446632487,81.240265,28.221245,-175.656174,-4.955619,0.670411,-1.386700,-21.401012,282.652191,-36.527412
489,1446649154,83.311783,29.395493,-170.519989,-4.662639,-0.244301,-1.726765,-23.865671,274.541504,-33.449436
490,1446665821,85.415726,30.329142,-165.516129,-4.252161,-0.842631,-1.859415,-22.888237,262.110748,-30.118313
491,1446682488,87.329178,31.012417,-160.781036,-3.815171,-1.203061,-1.631404,-29.715729,243.967346,-25.411472
492,1446699155,88.649345,31.414776,-156.476624,-3.396880,-1.607853,-1.319674,-54.192474,219.095398,-16.347080
493,1446715822,88.992729,31.551260,-152.757355,-3.028985,-2.087144,-0.782971,-95.470871,187.951706,-4.253027
494,1446732489,88.499420,31.478390,-149.613403,-2.000069,-2.721247,-1.122724,-127.712357,158.212189,7.905149
495,1446749156,87.774223,31.279514,-146.824356,-1.138586,-3.014538,-1.352719,-130.153336,139.941284,16.585138
496,1446765823,87.084816,30.968935,-144.255280,-0.658048,-2.998941,-0.653524,-120.554588,128.522568,24.548853
497,1446782490,86.432114,30.540539,-141.849487,0.297922,-3.225834,-0.380354,-112.490318,119.924339,32.693130
498,1446799157,85.918190,30.008146,-139.544830,1.456398,-3.433070,-0.508322,-100.069450,114.557915,39.859154
499,1446815824,85.637177,29.412304,-137.300278,2.434046,-3.720902,-0.223369,-83.142593,111.552689,44.291569
500,1446832491,85.614166,28.790155,-135.133377,3.134794,-3.767082,-0.019173,-64.168098,107.944305,45.919216
501,1446849158,85.873978,28.183807,-133.100388,3.653926,-3.658934,-0.097704,-42.163364,101.732117,44.279793
502,1446865825,86.431717,27.619135,-131.263718,4.320399,-3.356077,-0.512461,-17.701910,92.411728,40.390800
503,1446882492,87.347656,27.112894,-129.651474,5.100499,-3.044305,-0.931003,10.869535,81.635536,35.054176
504,1446899159,88.636223,26.655172,-128.290451,5.809688,-2.800893,-1.132856,40.744362,69.330116,30.074726
505,1446915826,90.158844,26.201582,-127.228340,6.128274,-2.684103,-0.962080,63.318314,54.271873,27.903576
506,1446932493,91.712318,25.711319,-126.544884,6.113030,-2.483290,-0.930306,75.553596,34.836845,28.913025
507,1446949160,93.092232,25.172852,-126.289978,5.741974,-2.357551,-0.720212,76.490303,12.636241,31.817043
508,1446965827,94.175682,24.605431,-126.500938,5.293488,-2.283228,-0.467417,70.568474,-11.821754,34.831547
509,1446982494,95.081139,24.063646,-127.102364,4.928388,-2.528741,-0.139552,69.405510,-32.672321,35.191105
510,1446999161,95.925934,23.581253,-128.014587,4.364774,-2.609722,0.233630,72.974876,-49.592075,33.757706
511,1447015828,96.726570,23.185789,-129.201904,3.704789,-2.761103,0.740341,76.466751,-64.916489,30.942089
512,1447032495,97.336197,22.867153,-130.698929,2.940039,-2.758548,1.142507,71.837234,-82.233177,29.251102
513,1447049162,97.689850,22.605492,-132.536301,2.257712,-2.725259,1.078937,63.934719,-101.286011,29.021835
514,1447065829,97.872429,22.382246,-134.725143,1.885835,-2.806357,0.946088,61.288628,-120.937569,29.865498
515,1447082496,97.956863,22.180845,-137.343079,1.600779,-2.796018,0.769803,64.694641,-144.837845,32.153137
516,1447099163,97.935257,21.983309,-140.463364,1.204687,-2.951038,0.833974,69.137100,-172.714752,35.894962
517,1447115830,97.685852,21.761854,-144.180862,0.437971,-3.025246,1.139668,68.174240,-205.806320,41.473499
518,1447132497,97.077866,21.489483,-148.586166,-0.616961,-2.855334,1.163450,60.970970,-244.116455,47.959129
519,1447149164,96.092865,21.155138,-153.691910,-1.890387,-2.120309,0.811626,52.332157,-283.723114,52.839439
520,1447165831,94.737465,20.733498,-159.407211,-3.262288,-0.987664,0.527717,41.315140,-318.964325,55.590511
521,1447182498,92.973701,20.186888,-165.567642,-3.954205,-0.494244,0.390537,23.475147,-345.856323,56.183540
522,1447199165,90.772324,19.495974,-172.019211,-4.427688,-0.245211,0.480230,-0.566325,-365.091064,53.497108
523,1447215832,88.161095,18.652374,-178.566605,-4.981679,0.653684,0.585023,-28.131418,-374.264923,47.311848
524,1447232499,85.212021,17.674747,175.031097,-4.988878,2.638932,0.683549,-57.014668,-370.316864,37.608513
525,1447249166,82.112946,16.603090,169.014954,-4.254502,3.883873,0.253785,-79.391685,-352.475311,25.971685
526,1447265833,79.209312,15.490261,163.530640,-3.413745,2.856186,-0.794756,-83.098885,-325.431000,14.708439
527,1447282500,76.857704,14.388808,158.687012,-3.240506,2.610979,-0.729082,-66.055397,-290.939972,6.577351
528,1447299167,74.940567,13.318686,154.493439,-2.736150,4.083141,0.312115,-54.689198,-255.122574,2.905401
529,1447315834,73.334160,12.291993,151.000778,-1.375608,5.496173,-0.045365,-49.861275,-215.954544,3.549695
530,1447332501,72.237846,11.376697,148.253220,-0.547413,5.386552,-1.026140,-31.895567,-172.925446,4.850146
531,1447349168,71.865608,10.655593,146.268219,-0.133374,5.260526,-0.636749,0.502569,-127.093727,5.275306
532,1447365835,72.032921,10.150318,145.021072,0.158226,5.401872,0.752895,23.642265,-81.906563,6.151106
533,1447382502,72.269669,9.825219,144.463287,0.962089,5.832745,1.801612,20.120272,-39.883511,8.583165
534,1447399169,72.244827,9.682249,144.580048,1.394475,5.812984,2.214782,-2.542548,1.438147,10.382603
535,1447415836,72.049660,9.760346,145.420166,1.189696,4.878000,1.892313,-20.059103,46.212902,10.866154
536,1447432503,71.923058,10.116264,146.959763,0.590879,3.933683,1.856488,-23.352297,90.621529,7.915716
537,1447449170,72.152016,10.766004,149.217148,0.001449,3.385991,1.732960,-10.603688,136.220016,4.075524
538,1447465837,72.912033,11.708113,152.171600,-0.431168,2.963566,1.182910,11.272824,180.317841,-1.647739
539,1447482504,74.263123,12.906169,155.785065,-0.996848,2.576340,0.645150,35.067848,221.002365,-9.016329
540,1447499171,76.089249,14.283697,159.965363,-1.545640,1.708871,0.303659,50.826637,254.310944,-17.433901
541,1447515838,78.208778,15.760790,164.597595,-2.051495,0.955247,0.374252,55.340733,278.917267,-26.600248
542,1447532505,80.508331,17.274534,169.587219,-2.522866,0.399089,0.391470,53.067135,296.340515,-36.153374
543,1447549172,82.820770,18.760485,174.855652,-2.714864,0.072722,0.081095,41.185822,307.829742,-44.527256
544,1447565839,84.909302,20.187132,-179.703354,-2.803674,-0.330964,-0.117394,16.712143,312.650787,-52.103909
545,1447582506,86.691368,21.573685,-174.193893,-2.982694,-1.074629,-0.426147,-10.631705,311.589844,-60.240917
546,1447599173,88.351547,22.936480,-168.610840,-2.862629,-1.589075,-0.855713,-26.972452,310.745026,-68.172691
547,1447615840,90.062782,24.253674,-162.935471,-2.753902,-1.538523,-1.006116,-33.337353,310.592316,-74.593872
548,1447632507,91.872276,25.466694,-157.175079,-2.146885,-1.887553,-1.513193,-36.432919,309.793488,-77.954391
549,1447649174,93.754997,26.529774,-151.411316,-1.539113,-2.256362,-1.692386,-38.317329,304.798187,-78.857040
550,1447665841,95.654640,27.399851,-145.765808,-0.720352,-2.308249,-1.664671,-39.294960,294.084656,-76.687836
551,1447682508,97.540230,28.048189,-140.384216,0.125230,-2.003280,-1.556715,-36.746620,276.942596,-71.384674
552,1447699175,99.384972,28.464708,-135.441925,1.132923,-1.483946,-1.301792,-29.348589,252.152313,-63.062756
553,1447715842,101.085167,28.663088,-131.182861,2.222296,-0.960138,-1.000454,-19.802273,216.242783,-51.495609
554,1447732509,102.543579,28.685308,-127.826675,2.764683,-0.527448,-0.613868,-8.736224,170.156357,-37.366764
555,1447749176,103.552948,28.579683,-125.532295,2.367906,-0.300126,0.148106,-5.021272,116.639412,-20.983408
556,1447765843,103.993698,28.375843,-124.278069,1.789858,-0.364788,0.614848,-9.054956,64.664864,-3.733492
557,1447782510,103.918236,28.123491,-123.859222,1.459621,-0.838786,1.219299,-16.050312,22.642662,9.498260
558,1447799177,103.504929,27.883440,-124.003258,2.051285,-1.808947,1.341146,-20.376989,-6.487559,15.945374
559,1447815844,102.815742,27.708477,-124.535370,2.547928,-2.647854,1.539323,-26.107567,-27.614012,16.799107
560,1447832511,101.795303,27.610088,-125.356400,2.751406,-2.925866,1.683336,-38.025375,-43.871052,15.211134
561,1447849178,100.578514,27.575129,-126.351318,2.846112,-2.815843,1.075874,-45.048820,-53.992260,12.463985
562,1447865845,99.399811,27.585558,-127.426895,3.007279,-2.617285,0.248269,-40.549347,-58.957027,9.449051
563,1447882512,98.404205,27.619545,-128.545151,3.147660,-2.545067,-0.133981,-28.381500,-61.573036,7.328215
564,1447899179,97.624550,27.669683,-129.739334,3.365316,-2.563124,-0.512225,-13.285097,-65.790909,6.015668
565,1447915846,97.039024,27.749651,-131.065353,3.508742,-2.558389,-0.830095,2.087468,-72.990669,4.378272
566,1447932513,96.497345,27.853905,-132.598282,3.292972,-2.470439,-0.766977,10.599348,-84.053711,3.531370
567,1447949180,95.907906,27.978600,-134.404541,3.128086,-2.342757,-0.880949,15.553571,-98.538254,3.069117
568,1447965847,95.298622,28.107700,-136.469742,2.730080,-2.288255,-1.031830,21.858503,-112.132957,3.135529
569,1447982514,94.624985,28.231369,-138.806961,2.088503,-2.163314,-0.553935,25.926136,-126.335800,3.473625
570,1447999181,93.759567,28.340729,-141.465988,1.247666,-2.203447,0.059789,23.805321,-143.128876,3.905798
571,1448015848,92.674675,28.411686,-144.445190,0.757019,-2.212955,0.527398,19.980827,-159.803909,4.759255
572,1448032515,91.520874,28.449045,-147.696060,0.379440,-2.366622,0.631360,23.747179,-174.033752,4.225435
573,1448049182,90.453407,28.432770,-151.170700,0.120731,-2.597342,0.139060,35.337551,-185.815002,4.323425
574,1448065849,89.594620,28.317924,-154.833923,-0.210159,-2.715560,-0.578786,53.014439,-195.928375,7.161398
575,1448082516,88.982979,28.124420,-158.700729,-0.779928,-2.845222,-0.524696,73.082932,-207.115540,9.264265
576,1448099183,88.406761,27.864450,-162.770416,-1.683146,-2.344559,0.097107,80.100029,-218.471268,10.876619
577,1448115850,87.589722,27.520220,-167.000275,-2.691243,-1.055258,0.346951,68.972702,-227.866547,12.982305
578,1448132517,86.433067,27.088844,-171.284576,-3.083444,0.750226,0.426686,48.580967,-232.025650,14.124670
579,1448149184,84.988029,26.618111,-175.487000,-3.292096,2.242922,0.357297,27.267391,-229.003723,11.521073
580,1448165851,83.380638,26.153622,-179.553604,-2.912416,2.528683,-0.600477,12.079373,-222.841003,5.756011
581,1448182518,81.740250,25.702900,176.597061,-2.799737,1.252491,-1.529944,2.657027,-212.029327,0.093802
582,1448199185,80.095253,25.312250,173.088791,-3.524844,1.780762,-0.474857,-7.964418,-193.855316,-6.673712
583,1448215852,78.385826,25.022474,170.163422,-3.581005,4.358054,1.445667,-27.833248,-161.879654,-12.414802
584,1448232519,76.614571,24.834198,168.058197,-2.492661,6.605261,2.291601,-52.942036,-116.833260,-13.616571
585,1448249186,74.861908,24.706558,166.788696,-1.280972,6.440202,1.200581,-73.126694,-71.466347,-9.487296
586,1448265853,73.658760,24.599442,166.343246,-0.473845,5.285065,-1.277999,-60.902332,-27.657766,-0.287750
587,1448282520,73.498260,24.502970,166.712418,-0.171189,4.999003,-2.410609,-18.673918,15.164912,11.356307
588,1448299187,74.222580,24.436954,167.762466,-0.156017,5.439723,-1.111734,17.542376,51.468857,19.846817
589,1448315854,75.216080,24.362257,169.262085,-0.253830,5.460509,0.379087,22.646343,75.352242,26.012020
590,1448332521,76.058098,24.230873,171.033905,-0.548875,4.962875,0.692657,7.009991,89.418205,31.760681
591,1448349188,76.710030,24.023445,173.020584,-0.630209,3.903118,0.195343,-9.348300,100.308128,37.786720
592,1448365855,77.299339,23.776123,175.206436,-0.922984,2.744540,-0.095341,-17.495256,111.025002,41.501404
593,1448382522,77.855804,23.498539,177.552734,-1.231620,1.966055,0.113741,-22.755415,119.886238,44.081089
594,1448399189,78.313492,23.194151,-179.996140,-1.240232,1.488657,0.422997,-30.510111,125.870186,45.820438
595,1448415856,78.626457,22.866577,-177.540695,-0.946076,0.946996,0.184498,-38.531990,126.446091,46.428837
596,1448432523,78.939415,22.535362,-175.055817,-0.754425,0.179272,-0.775392,-38.424828,128.579224,46.319832
597,1448449190,79.550606,22.275099,-172.542511,-0.445375,-0.402424,-0.893125,-20.465860,131.578613,41.434200
598,1448465857,80.518822,22.088213,-170.026367,-0.169471,-0.996113,0.033807,1.438320,133.271332,35.314781
599,1448482524,81.725212,21.976767,-167.564270,0.538041,-1.463437,0.837867,17.303946,131.792603,27.826515
600,1448499191,82.877274,21.951481,-165.241867,1.016953,-1.782769,1.762385,17.340816,125.383072,18.910778
601,1448515858,83.673996,22.024199,-163.191467,1.218098,-2.395815,2.639278,2.080579,111.313026,9.128890
602,1448532525,84.041077,22.231888,-161.585922,1.817643,-3.722441,2.841771,-13.931134,87.569710,-2.727662
603,1448549192,84.124527,22.599340,-160.538040,2.678072,-4.784023,2.078039,-18.657740,57.594852,-15.816587
604,1448565859,84.078049,23.109600,-160.095413,3.007359,-5.077971,1.631454,-12.818869,24.995193,-27.808783
605,1448582526,83.844437,23.692240,-160.273911,2.883977,-4.898819,1.292224,-9.505177,-8.594999,-35.659611
606,1448599193,83.419731,24.274487,-161.055099,2.687768,-4.621992,0.652851,-6.201329,-41.188961,-39.321033
607,1448615860,82.904175,24.800570,-162.369553,2.502249,-4.584074,-0.104390,2.020856,-69.987617,-39.726406
608,1448632527,82.452225,25.260429,-164.124115,2.089073,-4.540658,-0.784461,17.604391,-93.613228,-39.358910
609,1448649194,82.098068,25.642109,-166.233810,1.311375,-4.111258,-0.987784,33.302006,-112.708939,-37.883797
610,1448665861,81.770401,25.948133,-168.625305,0.424420,-3.114715,-0.885989,42.910477,-127.872658,-36.128723
611,1448682528,81.391884,26.195478,-171.173111,-0.403715,-1.494519,-0.739804,44.591774,-136.199860,-34.603729
612,1448699195,80.810303,26.421717,-173.689987,-1.099620,0.551742,-0.277574,32.146835,-134.188400,-34.169304
613,1448715862,79.838730,26.681328,-175.934402,-1.746320,2.675920,0.380369,2.014951,-118.672035,-35.418427
614,1448732529,78.464714,27.033880,-177.662415,-2.223558,4.230952,0.937651,-35.471825,-89.400818,-38.009727
615,1448749196,76.998116,27.522121,-178.642487,-2.333507,5.313716,0.892201,-60.900440,-47.383022,-39.567234
616,1448765863,76.004280,28.131968,-178.693649,-2.180066,6.311222,-0.058089,-58.025032,3.373780,-36.063492
617,1448782530,76.019081,28.802950,-177.736969,-1.684398,6.654947,-1.234873,-26.272966,56.185040,-26.726397
618,1448799197,77.140755,29.446598,-175.885559,-1.667913,6.335593,-1.505232,13.456627,100.856369,-14.904586
619,1448815864,79.006584,29.975286,-173.415436,-1.962359,5.742805,-1.188856,38.743523,130.013138,-4.301445
620,1448832531,81.168106,30.335438,-170.615799,-2.238743,5.221321,-1.101645,45.576042,144.320084,3.845064
621,1448849198,83.290146,30.480566,-167.699432,-2.186815,4.353906,-1.080323,39.058659,148.234024,11.898021
622,1448865865,85.076393,30.395535,-164.899368,-2.026470,3.166552,-0.758136,22.394320,141.126556,19.871731
623,1448882532,86.358574,30.095703,-162.336212,-1.780761,1.967032,-0.345302,-0.173537,128.681885,27.974226
624,1448899199,87.041176,29.648100,-160.079071,-1.433981,1.024121,0.452672,-26.118666,113.248337,33.685474
625,1448915866,87.140388,29.138762,-158.134827,-0.915639,-0.236255,0.973208,-50.910530,97.508064,35.794353
626,1448932533,86.850189,28.664583,-156.456680,-0.146436,-1.285908,1.072415,-65.682632,84.092911,33.150475
627,1448949200,86.312859,28.292030,-154.958359,0.473058,-2.059698,1.335710,-74.711243,75.097740,27.148167
628,1448965867,85.718849,28.065956,-153.584076,1.691690,-3.221464,1.635700,-74.193604,69.113083,18.709963
629,1448982534,85.406296,28.010059,-152.304703,3.027893,-4.732801,1.544058,-54.468391,64.837204,8.721903
630,1448999201,85.485023,28.100546,-151.211411,3.787033,-5.521189,1.362350,-25.788052,55.672760,-0.671036
631,1449015868,85.810883,28.286238,-150.419693,3.964088,-5.639770,1.008868,-2.583901,40.117607,-7.778507
632,1449032535,86.168449,28.526007,-150.022308,3.902474,-5.455305,0.633950,10.388235,19.431923,-12.723753
633,1449049202,86.388184,28.810104,-150.105331,3.596234,-5.050950,0.079642,15.816802,-5.753456,-17.126310
634,1449065869,86.453911,29.117842,-150.681778,3.150008,-4.588584,-0.590867,20.904213,-31.556534,-20.143696
635,1449082536,86.424271,29.425049,-151.731796,2.558384,-4.170177,-0.969484,29.211548,-56.222820,-21.630318
636,1449099203,86.362511,29.685907,-153.222168,1.930888,-3.743838,-1.023918,40.566666,-79.172028,-20.328781
637,1449115870,86.344475,29.878035,-155.086090,1.402449,-3.280139,-1.121642,54.609486,-98.668289,-17.488937
638,1449132537,86.480072,29.978264,-157.235260,1.158747,-2.820662,-1.797316,72.593597,-113.700012,-12.803348
639,1449149204,86.809029,29.945930,-159.667404,0.644385,-2.543616,-2.287107,92.727310,-128.870682,-5.266632
640,1449165871,87.279457,29.781258,-162.395218,0.273962,-2.681264,-2.209378,109.817696,-144.809937,2.748736
641,1449182538,87.848854,29.503046,-165.454224,-0.499113,-2.863037,-1.746689,125.014908,-162.646790,10.100742
642,1449199205,88.358604,29.136393,-168.871216,-1.697297,-2.664066,-0.799198,131.044296,-181.955521,16.276207
643,1449215872,88.636627,28.624760,-172.552979,-2.322518,-1.743505,-0.273813,123.438133,-196.748306,25.816463
644,1449232539,88.588226,27.964821,-176.441559,-2.702216,-0.592939,-0.372694,107.745331,-208.910629,34.804218
645,1449249206,88.181503,27.211748,179.510971,-2.998256,0.307555,-0.416587,88.126862,-218.999023,39.286747
646,1449265873,87.546379,26.443190,175.383850,-3.254575,0.782294,-0.066272,73.719780,-225.123856,38.027534
647,1449282540,86.894783,25.710915,171.283417,-3.780970,1.741716,0.755760,69.122398,-225.426147,33.347775
648,1449299207,86.282494,25.005766,167.362000,-3.150750,3.848609,1.217611,64.103737,-217.336990,29.753523
649,1449315874,85.556595,24.326668,163.753647,-1.548058,7.049451,1.858961,46.883148,-201.725449,26.805090
650,1449332541,84.547112,23.659040,160.564407,0.184775,8.369092,1.919331,17.350554,-180.189041,24.982922
651,1449349208,83.410805,23.004614,157.913498,1.061952,7.634098,1.426898,-5.043626,-151.905579,23.875801
652,1449365875,82.558418,22.536097,155.944992,0.596178,7.359652,1.842207,-5.262387,-114.058853,14.740634
653,1449382542,81.949959,22.381577,154.803925,0.713487,7.664948,2.325835,-10.162142,-66.458885,0.790837
654,1449399209,81.224113,22.228397,154.386810,1.120664,7.361999,1.401668,-33.830566,-26.751553,5.821556
655,1449415876,80.686234,22.034365,154.878769,1.623447,6.704615,0.365359,-43.145248,22.688126,15.902299
656,1449432543,80.480530,21.932463,156.232132,1.334580,5.993549,0.331072,-42.453125,70.810143,18.451025
657,1449449210,80.724777,22.027155,158.297043,0.206805,5.379799,0.548735,-31.402960,111.808281,13.249941
658,1449465877,81.286079,22.271294,161.021378,-0.672539,5.115133,0.866051,-27.613579,149.372940,9.295410
659,1449482544,82.107460,22.660915,164.367203,-1.574718,4.806708,1.115215,-27.074509,184.496750,3.752445
660,1449499211,83.078827,23.215406,168.257401,-2.216634,4.287740,1.061452,-32.311905,215.000061,-5.184644
661,1449515878,84.199196,23.909008,172.636154,-2.739709,3.678425,0.577176,-37.411613,241.514130,-14.575219
662,1449532545,85.391945,24.675087,177.438843,-3.284267,2.730754,0.319237,-46.577698,263.304169,-21.837971
663,1449549212,86.454102,25.459753,-177.460297,-3.735690,1.646167,0.346803,-65.517441,277.443054,-27.130732
664,1449565879,87.131470,26.226892,-172.210190,-3.967748,0.441208,0.383194,-96.220009,283.215607,-29.968477
665,1449582546,87.483597,26.995668,-166.886368,-3.852731,-1.176428,0.087188,-121.477173,285.033691,-32.524231
666,1449599213,87.970543,27.821733,-161.448776,-3.832084,-2.160643,-0.120146,-120.487801,288.951355,-37.890537
667,1449615880,88.993187,28.690363,-155.816360,-3.509149,-2.892100,-0.730520,-98.170090,296.536346,-44.050209
668,1449632547,90.647461,29.541939,-150.002274,-2.799948,-3.471104,-0.956794,-70.055176,302.492493,-49.964973
669,1449649214,92.422890,30.331511,-144.223160,-2.364852,-3.863577,-0.439046,-66.088989,296.668701,-55.227657
670,1449665881,93.763832,31.084263,-138.675980,-1.956858,-4.083288,-0.318186,-89.062004,280.876831,-60.358852
671,1449682548,94.603615,31.840572,-133.414490,-1.482675,-4.238230,-0.502110,-113.927696,262.828827,-64.719131
672,1449699215,95.340286,32.616684,-128.398193,-0.859098,-4.496298,-0.664352,-115.854958,247.191437,-68.269630
673,1449715882,96.108185,33.348747,-123.723389,0.157469,-4.633138,-0.334164,-106.169945,227.309982,-66.985786
674,1449732549,96.827278,33.969635,-119.540726,1.943040,-4.685351,-0.398982,-95.506142,200.939819,-60.364906
675,1449749216,97.474236,34.454422,-115.993690,3.605412,-4.537292,-0.442761,-80.416527,168.590607,-50.592514
676,1449765883,98.029861,34.803787,-113.239006,4.923782,-4.351762,-0.432282,-60.184849,129.503433,-38.940819
677,1449782550,98.305946,35.015667,-111.417473,5.519021,-3.891233,-0.343578,-45.601830,84.471016,-25.144413
678,1449799217,98.190567,35.088268,-110.546989,5.538797,-3.382796,-0.748830,-36.567825,39.229366,-10.270531
679,1449815884,97.621483,35.021202,-110.548737,5.366107,-2.971104,-0.715240,-33.761082,-1.995455,4.173485
680,1449832551,96.589760,34.831764,-111.295578,5.236630,-2.706837,-0.796924,-35.957680,-37.526035,15.998187
681,1449849218,95.287613,34.526237,-112.578888,5.183388,-2.557024,-1.156426,-34.050209,-63.572197,24.959734
682,1449865885,93.999733,34.136791,-114.166473,5.017407,-2.566923,-1.440970,-23.315500,-79.006477,29.834177
683,1449882552,92.874947,33.675079,-115.909325,4.889461,-2.609294,-1.553580,-8.945040,-87.478668,33.034435
684,1449899219,91.946716,33.136814,-117.773460,4.546869,-2.570150,-1.626285,6.071704,-94.450043,36.375225
685,1449915886,91.223045,32.502296,-119.761642,4.148097,-2.600402,-1.739853,21.392738,-101.689888,41.011341
686,1449932553,90.809731,31.775942,-121.852341,3.999491,-2.603095,-1.924376,42.066929,-107.962845,45.644176
687,1449949220,90.815041,30.993736,-124.041565,3.986658,-2.870949,-1.817234,68.834648,-114.004349,48.708939
688,1449965887,91.062653,30.171371,-126.406883,3.389442,-3.226865,-0.951240,87.141068,-123.901001,51.533562
689,1449982554,91.199005,29.291086,-129.082962,2.210650,-3.521727,0.040406,87.870369,-140.917206,55.759850
690,1449999221,91.068108,28.319824,-132.140793,1.339049,-3.529266,0.396669,80.589111,-162.144241,61.644371
691,1450015888,90.897873,27.293753,-135.543747,0.854034,-3.558126,0.193827,85.056137,-182.083832,64.852272
692,1450032555,90.971855,26.280035,-139.285782,0.538914,-3.687604,0.086852,105.635399,-201.983612,64.285637
693,1450049222,91.119728,25.316048,-143.454880,-0.582073,-3.677441,0.677912,117.729675,-226.691330,62.143959
694,1450065889,90.891815,24.394785,-148.144852,-1.941385,-3.521526,1.636567,104.599060,-256.897339,59.952286
695,1450082556,90.072105,23.511789,-153.333954,-2.867659,-2.989172,2.014840,77.228951,-286.646851,55.571404
696,1450099223,88.909103,22.666731,-158.872391,-3.465528,-2.700826,1.397680,60.555454,-308.681915,48.183254
697,1450115890,87.840569,21.866907,-164.577728,-3.939359,-2.179504,0.641114,65.614273,-320.591370,39.188778
698,1450132557,87.013741,21.093760,-170.408951,-4.079675,-1.849711,0.194188,78.508705,-329.895721,31.933620
699,1450149224,86.265381,20.327801,-176.417618,-4.477272,-1.295839,0.545377,82.591034,-341.901611,26.320517
700,1450165891,85.268730,19.538620,177.413498,-4.795433,0.146045,0.952975,66.399681,-353.075653,21.747820
701,1450182558,83.921967,18.728645,171.271484,-4.680638,2.858832,1.060426,40.017845,-353.754456,15.800495
702,1450199225,82.483109,17.943712,165.409622,-3.529233,3.818528,0.333022,24.360451,-339.646637,7.465230
703,1450215892,81.293900,17.214895,159.985306,-2.717029,4.232823,-0.429104,26.987946,-315.893402,-0.262021
704,1450232559,80.346573,16.572170,155.117111,-2.062606,6.362712,0.301207,28.082479,-284.628204,-6.288464
705,1450249226,79.278168,16.016422,150.961060,-1.044548,7.890529,1.719133,5.918349,-244.025940,-9.285506
706,1450265893,77.902969,15.556876,147.559555,0.106430,8.414653,2.467705,-26.900082,-200.508255,-11.600274
707,1450282560,76.523262,15.246251,145.050522,1.135812,9.110662,2.124045,-42.689407,-148.204941,-13.739236
708,1450299227,75.644440,15.132511,143.624725,1.754454,9.418022,1.319559,-30.179703,-84.309067,-13.040507
709,1450315894,75.526894,15.253884,143.334305,1.687199,8.704100,0.885918,-2.317376,-16.989632,-11.066993
710,1450332561,76.218109,15.625733,144.136307,1.267104,8.116712,0.997466,28.866566,47.926647,-10.163106
711,1450349228,77.615501,16.217512,145.943207,0.849336,7.655798,1.219224,54.336712,107.097588,-10.849084
712,1450365895,79.432823,16.983311,148.596405,0.167105,7.302533,1.645090,63.810593,156.169907,-14.551637
713,1450382562,81.286263,17.870325,151.918472,-0.780049,6.613932,1.726317,51.785255,193.934677,-20.504219
714,1450399229,82.871086,18.859755,155.700180,-1.674114,6.026155,1.745764,23.902029,219.005966,-29.010098
715,1450415896,84.026939,19.953568,159.823746,-2.666945,5.485208,1.787209,-12.519502,236.863129,-38.469143
716,1450432563,84.780853,21.154955,164.241837,-3.462082,4.855879,1.485818,-47.466118,251.611877,-47.427631
717,1450449230,85.303497,22.444511,168.950729,-4.090443,3.976610,0.877053,-73.164543,265.599548,-54.304947
718,1450465897,85.811653,23.790764,173.964111,-4.668818,2.919756,0.185547,-87.188866,279.646790,-58.991531
719,1450482564,86.427383,25.153400,179.257736,-4.981475,1.748748,-0.303210,-94.193184,291.539185,-61.888172
720,1450499231,87.246002,26.501431,-175.197876,-5.133070,0.580716,-0.565884,-95.366920,301.029358,-64.108528
721,1450515898,88.252304,27.789148,-169.478653,-5.208404,-0.238036,-0.722074,-95.737984,305.747131,-65.079346
722,1450532565,89.457420,28.964773,-163.645981,-5.077410,-1.317262,-1.082585,-93.562614,306.851593,-64.235161
723,1450549232,90.922157,29.991825,-157.795074,-4.653232,-2.399211,-1.224792,-84.411751,302.990997,-62.502285
724,1450565899,92.601929,30.843252,-152.057724,-3.926624,-3.236876,-1.321952,-73.045670,292.750153,-60.060806
725,1450582566,94.215958,31.490301,-146.599731,-3.280914,-3.524490,-1.315258,-72.171608,275.008759,-55.295536
726,1450599233,95.200890,31.897831,-141.620819,-2.797761,-3.700696,-1.048293,-97.351479,248.923019,-45.121601
727,1450615900,95.032906,32.075722,-137.341110,-1.839945,-4.121453,-1.043197,-145.571762,213.597031,-29.950251
728,1450632567,93.866608,32.064091,-133.779678,-0.589008,-4.443823,-1.677369,-182.895401,178.218994,-13.247907
729,1450649234,92.418900,31.909889,-130.759155,0.777573,-4.769212,-1.807384,-182.333344,151.614700,0.922528
730,1450665901,91.191177,31.661425,-128.122391,1.463699,-5.068296,-0.739483,-156.481506,132.494919,10.782890
731,1450682568,90.182426,31.331768,-125.853790,1.672446,-5.077044,-0.078988,-131.153442,113.896400,18.507290
732,1450699235,89.181496,30.897142,-123.985435,2.453143,-4.830513,-0.262900,-117.516563,93.420319,26.730930
733,1450715902,88.055550,30.380310,-122.542595,3.484836,-4.542855,-0.275052,-111.225060,71.299072,32.918839
734,1450732569,86.860558,29.812281,-121.496147,4.570857,-4.357540,-0.320549,-102.763077,50.331829,36.579334
735,1450749236,85.757423,29.200562,-120.818047,5.839993,-4.253203,-0.474928,-85.834358,30.534204,39.031265
736,1450765903,84.849449,28.570602,-120.485931,6.448500,-3.826957,-0.719604,-63.749046,11.847029,39.225758
737,1450782570,84.096024,27.933651,-120.458107,6.521520,-3.220761,-0.898318,-45.673267,-4.680972,38.311874
738,1450799237,83.431526,27.313545,-120.713364,6.687657,-2.564719,-1.329090,-32.479095,-20.002710,35.649269
739,1450815904,82.857933,26.729202,-121.226929,6.923351,-2.132972,-1.778183,-20.159231,-33.928871,31.679077
740,1450832571,82.477669,26.201273,-121.968369,7.062792,-1.915220,-2.056275,-2.765418,-46.040485,26.489937
741,1450849238,82.431274,25.726749,-122.907768,6.866611,-2.021151,-1.958816,22.083736,-56.482777,21.740572
742,1450865905,82.762299,25.277634,-124.043365,6.422877,-2.381105,-1.385639,49.351318,-66.972412,18.981001
743,1450882572,83.268341,24.818998,-125.447449,5.625197,-2.687512,-0.619983,66.153572,-81.628334,18.226976
744,1450899239,83.798233,24.339878,-127.193352,4.813054,-2.903783,-0.303918,75.462074,-100.431229,18.039963
745,1450915906,84.315285,23.855892,-129.316956,3.918583,-3.170851,0.132994,83.113304,-121.239998,17.053064
746,1450932573,84.790001,23.396160,-131.853439,2.920331,-3.289973,0.895146,89.517891,-143.973770,14.443034
747,1450949240,85.169189,22.972153,-134.839264,1.977886,-3.294265,1.307769,93.304550,-168.827332,11.158980
748,1450965907,85.414032,22.563284,-138.305252,1.211851,-3.309535,1.404263,95.180481,-195.680298,8.943088
749,1450982574,85.420280,22.160294,-142.262970,0.258141,-3.177126,1.767387,90.714645,-223.391953,6.795757
750,1450999241,85.145882,21.766306,-146.685165,-0.719782,-2.760275,1.930705,82.769867,-249.746658,3.570225
751,1451015908,84.594963,21.369205,-151.522659,-1.493167,-2.273098,1.822738,73.640022,-273.533234,-0.151132
752,1451032575,83.775002,20.981010,-156.714783,-2.034963,-1.985165,1.650621,63.345737,-293.917572,-6.001906
753,1451049242,82.766083,20.590948,-162.195663,-2.506755,-1.947946,1.139565,56.194061,-310.629852,-12.520256
754,1451065909,81.711998,20.153969,-167.862930,-3.103099,-1.785146,0.701418,55.158516,-321.943726,-16.801027
755,1451082576,80.638817,19.682789,-173.683380,-3.662625,-0.966061,0.532112,54.621468,-331.342010,-22.163643
756,1451099243,79.486931,19.146000,-179.578003,-3.935769,-0.138016,0.103251,48.497913,-336.679169,-25.570618
757,1451115910,78.506989,18.564642,174.572083,-4.143699,-0.547390,-1.166699,54.686943,-335.267456,-28.888401
758,1451132577,77.908127,17.934423,168.808884,-4.898212,-1.676883,-1.839712,72.388618,-331.760376,-29.831764
759,1451149244,77.867516,17.233559,163.195938,-5.931340,-0.986619,-1.872968,99.308189,-325.298370,-25.982449
760,1451165911,78.404213,16.471731,158.019791,-5.455725,2.744459,-0.856736,122.214378,-302.864288,-16.113926
761,1451182578,78.773636,15.713339,153.329773,-3.403350,6.321332,1.603899,100.159767,-276.614807,-8.633617
762,1451199245,78.486565,15.018520,149.174957,-1.851061,6.796902,1.829165,48.867542,-246.452545,-6.269758
763,1451215912,78.078812,14.422949,145.668777,-1.223870,5.755667,0.083625,29.049692,-209.045792,-6.088943
764,1451232579,78.048981,13.972081,142.939148,-0.363103,6.844442,0.269462,38.449722,-163.495270,-6.137235
765,1451249246,78.163147,13.721093,141.094070,1.335359,8.412004,2.083405,33.436592,-110.832718,-7.196357
766,1451265913,78.092720,13.709383,140.193985,2.283646,8.961740,2.820951,8.701672,-54.019646,-9.904143
767,1451282580,78.041847,13.933193,140.320877,2.301337,8.238937,2.162427,-4.708258,7.483211,-11.428601
768,1451299247,78.213730,14.374396,141.301315,1.527220,6.912102,1.333638,-3.874547,58.761055,-14.005907
769,1451315914,78.890556,14.993473,143.121460,1.119949,6.358095,1.097857,13.148706,108.416252,-15.286477
770,1451332581,79.951454,15.750515,145.650223,0.995077,6.097841,1.555391,23.677280,149.669708,-17.650162
771,1451349248,81.180031,16.635363,148.748352,0.464688,5.933157,1.805158,22.138134,182.326294,-22.973345
772,1451365915,82.383461,17.649883,152.302094,-0.318511,5.806663,1.903024,9.644154,207.892883,-30.985416
773,1451382582,83.422501,18.765209,156.180527,-1.326431,4.912261,1.377577,-10.056185,225.169846,-38.961098
774,1451399249,84.323082,19.971167,160.329987,-2.120720,4.102301,1.417621,-28.192898,238.807999,-46.739021
775,1451415916,85.168015,21.262026,164.709488,-2.631259,3.579036,1.298928,-41.472908,249.558701,-54.465530
776,1451432583,86.054276,22.584543,169.299484,-2.982117,3.210809,0.566414,-49.277145,258.371490,-59.427101
777,1451449250,87.042213,23.895065,174.066406,-3.316243,2.382781,-0.131430,-53.194897,264.642700,-62.522438
778,1451465917,88.192482,25.154350,178.973373,-3.438907,0.875704,-0.809548,-52.795952,268.339203,-64.211029
779,1451482584,89.414886,26.346981,-176.012634,-3.625693,0.190189,0.115911,-56.955936,269.980133,-65.736282
780,1451499251,90.412300,27.486816,-171.043549,-3.573101,-0.089914,0.599860,-74.704315,263.540436,-67.838692
781,1451515918,91.267342,28.567629,-166.107559,-3.207040,-0.966779,-0.067163,-87.430908,258.043091,-68.522476
782,1451532585,92.217926,29.569801,-161.226974,-2.588206,-1.985908,-0.698934,-84.809853,251.598602,-67.732635
783,1451549252,93.415283,30.469177,-156.421509,-1.795344,-3.311708,-0.951657,-71.977570,244.296341,-66.006203
784,1451565919,94.781288,31.272346,-151.817642,-0.434200,-4.623245,-1.072569,-59.353065,230.644485,-64.852196
785,1451582586,96.216957,32.010864,-147.418716,0.250199,-4.841003,-1.104198,-51.914833,217.007385,-65.476410
786,1451599253,97.391724,32.744350,-143.182663,-0.973733,-3.576493,-0.724765,-65.220436,205.511200,-68.960907
787,1451615920,98.172806,33.465881,-139.189301,-2.183913,-2.942475,-1.564185,-83.601280,190.580124,-69.900864
788,1451632587,98.851593,34.188103,-135.597672,-1.724806,-2.989204,-2.044212,-78.839180,168.220566,-69.190353
789,1451649254,99.438950,34.793564,-132.549118,-0.316418,-3.891336,-1.044547,-67.938629,140.647263,-59.673580
790,1451665921,99.596176,35.233253,-130.211380,1.476872,-4.851834,-0.272683,-70.649193,106.514214,-44.866512
791,1451682588,99.230995,35.533508,-128.591980,2.867343,-4.987761,-0.602286,-77.793121,72.774437,-30.588276
792,1451699255,98.501068,35.695786,-127.590652,3.399850,-4.233067,-1.184994,-78.423470,44.313282,-17.008795
793,1451715922,97.607132,35.703499,-127.085930,3.841758,-3.385593,-1.466126,-70.973724,21.829636,-3.763014
794,1451732589,96.681633,35.569946,-126.979118,4.401438,-2.923499,-1.452592,-58.949684,3.700037,7.448746
795,1451749256,95.659668,35.293297,-127.281532,4.666417,-2.662137,-1.212321,-50.512959,-15.387330,18.243517
796,1451765923,94.524033,34.833652,-128.004822,4.917925,-2.470587,-1.236708,-42.941433,-35.422256,30.782263
797,1451782590,93.488663,34.227402,-129.046066,5.131805,-2.387273,-1.678508,-26.470751,-51.295559,40.048706
798,1451799257,92.707253,33.529228,-130.293045,4.924369,-2.289443,-1.793207,-4.967034,-62.265911,45.361542
799,1451815924,92.185165,32.771526,-131.710587,4.331540,-2.198259,-1.681018,15.380570,-71.722786,48.645630
800,1451832591,91.849319,31.953938,-133.321671,3.613405,-2.215200,-1.283276,31.764488,-82.393867,52.094460
801,1451849258,91.700684,31.081549,-135.127808,3.052860,-2.539029,-0.867045,47.884544,-93.247536,55.380924
802,1451865925,91.759369,30.176945,-137.127380,2.737617,-3.021173,-0.551394,64.781624,-104.093979,57.575844
803,1451882592,92.085640,29.292526,-139.291168,2.529420,-3.414799,-0.836734,84.080086,-113.438286,57.029976
804,1451899259,92.541931,28.420185,-141.674088,1.757676,-3.574705,-0.494932,96.474022,-125.560898,57.570831
805,1451915926,92.835358,27.536882,-144.384384,1.002423,-3.572436,0.115166,93.970474,-143.533691,59.896400
806,1451932593,92.970192,26.647978,-147.418808,0.353829,-3.604150,0.441317,91.064911,-161.743393,61.693527
807,1451949260,93.320824,25.770298,-150.669235,-0.008911,-3.774800,-0.031756,107.211945,-174.393066,62.403854
808,1451965927,94.116997,24.913696,-154.087997,-0.704137,-3.748056,0.268736,135.587555,-184.241684,63.538315
809,1451982594,94.896133,24.043720,-157.815323,-1.608320,-3.072079,1.070542,139.419083,-201.393707,68.257729
810,1451999261,95.241241,23.162394,-161.966721,-2.173313,-2.236186,1.296347,120.438377,-225.264481,73.062019
811,1452015928,95.258141,22.307661,-166.469955,-2.096391,-2.053671,0.656028,105.439209,-246.047791,74.093239
812,1452032595,95.259422,21.508244,-171.191803,-2.455726,-1.962931,0.141286,105.785103,-259.933380,72.083740
813,1452049262,95.199387,20.744419,-176.136108,-3.045009,-1.058089,0.817302,103.314751,-273.974396,71.093353
814,1452065929,94.918579,19.990530,178.676025,-3.152557,0.045251,1.114695,91.490646,-289.263580,71.025414
815,1452082596,94.384544,19.221148,173.296524,-2.962099,1.482798,1.241549,76.278465,-301.888641,70.905174
816,1452099263,93.717049,18.461233,167.941574,-2.520552,2.453051,0.687403,63.741608,-302.665344,67.201950
817,1452115930,93.126785,17.769470,162.806992,-2.353375,3.255938,-0.107899,60.412212,-292.367981,59.157402
818,1452132597,92.552849,17.182901,158.043640,-2.047137,4.404315,0.684033,51.438587,-273.089111,48.910767
819,1452149264,91.806908,16.722519,153.727295,-1.077474,5.997903,1.831093,30.826017,-249.051437,37.282177
820,1452165931,90.661003,16.390053,150.067352,0.301507,8.264319,2.950788,-6.085139,-212.561554,24.728350
821,1452182598,89.129547,16.212704,147.408447,1.390604,9.435176,3.099549,-46.985157,-155.674118,10.601044
822,1452199265,87.278923,16.208626,145.840652,2.004028,8.609546,2.323001,-84.624245,-92.825714,-2.364235
823,1452215932,85.359245,16.399424,145.288666,1.766058,7.404052,1.322208,-105.699387,-33.492317,-13.261967
824,1452232599,84.006256,16.772316,145.836563,1.467163,7.049336,0.464547,-90.347595,30.938494,-19.171810
825,1452249266,83.640289,17.297300,147.439499,1.239090,6.966654,0.394962,-49.885281,92.317146,-21.248680
826,1452265933,84.107391,17.933685,149.910736,0.698253,6.837872,0.387966,-16.575165,142.110123,-22.719107
827,1452282600,84.953003,18.632647,152.999039,-0.169490,6.581648,0.646653,-7.103418,176.674515,-24.817497
828,1452299267,85.662491,19.400265,156.464279,-1.162837,6.284512,1.011950,-24.858383,197.219604,-29.671335
829,1452315934,85.989197,20.279726,160.152679,-2.043243,5.857306,1.754471,-55.155743,209.013824,-37.329456
830,1452332601,85.997360,21.268185,164.017151,-2.705980,5.171675,1.892966,-81.364815,217.977463,-43.873730
831,1452349268,85.919258,22.340542,168.085510,-3.283784,4.532931,1.445099,-94.946136,228.189697,-48.067944
832,1452365935,85.955696,23.472431,172.383347,-3.678074,3.738255,0.914242,-97.760414,239.341309,-50.774502
833,1452382602,86.144836,24.635574,176.898834,-3.905662,3.040537,0.413269,-98.642250,249.221619,-52.437996
834,1452399269,86.425583,25.799639,-178.386948,-4.274670,2.245785,0.453899,-103.212784,257.494812,-52.969170
835,1452415936,86.771324,26.948595,-173.524506,-4.310574,1.138158,0.327710,-108.393372,262.632233,-53.153664
836,1452432603,87.388336,28.082680,-168.521301,-4.167940,-0.088931,-0.258051,-101.199905,266.990417,-54.231361
837,1452449270,88.530342,29.184336,-163.372787,-3.828746,-1.107165,-0.744874,-79.056824,270.939453,-56.232311
838,1452465937,90.309464,30.217159,-158.105392,-3.534401,-1.880624,-1.069641,-49.407372,272.759735,-59.008537
839,1452482604,92.581367,31.129862,-152.812393,-3.413342,-2.582798,-0.940657,-25.273487,269.297211,-61.453823
840,1452499271,94.955002,31.922060,-147.668228,-2.891888,-3.487587,-0.547570,-18.545570,257.021118,-64.540901
841,1452515938,97.176407,32.619625,-142.792007,-2.085108,-4.339531,-0.604287,-22.501295,239.204376,-67.586586
842,1452532605,99.061409,33.246552,-138.309219,-1.245172,-4.652661,-0.451671,-32.684155,215.792358,-68.950920
843,1452549272,100.416786,33.808334,-134.341003,-0.659954,-4.677315,-0.320207,-49.738556,187.541443,-66.634171
844,1452565939,101.267250,34.290092,-130.943588,0.592503,-4.728135,-0.956918,-62.656979,158.058945,-60.001602
845,1452582606,101.793053,34.661781,-128.113434,1.793157,-4.722147,-1.360655,-64.131966,130.310150,-49.677010
846,1452599273,102.005524,34.898727,-125.899323,2.772900,-4.485976,-1.412381,-62.605549,101.443779,-36.254601
847,1452615940,101.829742,34.973049,-124.326904,3.349630,-4.183825,-1.385939,-64.170929,72.348396,-20.181070
848,1452632607,101.339546,34.878605,-123.326019,3.852391,-3.930978,-1.493742,-63.413937,46.954998,-4.178971
849,1452649274,100.616470,34.632229,-122.807800,4.130322,-3.665127,-1.341269,-60.755051,25.460157,9.808799
850,1452665941,99.817596,34.273003,-122.666771,4.537431,-3.544632,-1.294806,-52.385216,8.239436,20.140362
851,1452682608,99.123711,33.843449,-122.778488,4.749046,-3.332589,-1.321363,-37.572750,-3.698195,26.503420
852,1452699275,98.570824,33.386642,-123.073792,4.886787,-3.239058,-1.207408,-23.079412,-12.838784,29.526724
853,1452715942,98.091957,32.929676,-123.536598,4.891088,-3.046083,-1.127295,-13.288826,-21.517862,30.674650
854,1452732609,97.584808,32.462837,-124.189163,4.856669,-2.811423,-1.360732,-9.045807,-31.321823,32.425220
855,1452749276,97.068901,31.976044,-125.053635,4.914268,-2.777261,-1.506503,-3.093163,-42.311653,34.755024
856,1452765943,96.645134,31.447718,-126.146973,4.909052,-2.878669,-1.636419,9.238832,-54.154572,38.332821
857,1452782610,96.446899,30.866001,-127.466850,4.785098,-3.026870,-1.598422,29.235308,-65.883064,42.605175
858,1452799277,96.526695,30.228092,-129.015259,4.498318,-3.152430,-1.522243,52.135086,-77.714394,47.280293
859,1452815944,96.786179,29.526810,-130.832779,3.870452,-3.168329,-1.087208,70.000725,-91.596428,52.974602
860,1452832611,97.055260,28.778996,-132.981094,3.286155,-3.257788,-0.598566,79.016701,-108.904732,58.333164
861,1452849278,97.257538,28.009176,-135.480927,2.386762,-3.274484,-0.069608,83.519928,-127.725510,62.499886
862,1452865945,97.373581,27.241308,-138.342941,1.424073,-3.219752,0.400879,86.632614,-147.616669,65.309776
863,1452882612,97.365150,26.479561,-141.605865,0.497798,-3.093138,0.682189,87.974899,-169.918976,67.970978
864,1452899279,97.146187,25.702930,-145.338181,-0.161468,-2.784171,1.026221,85.377274,-196.203094,71.869446
865,1452915946,96.699310,24.916649,-149.567749,-0.609473,-2.447371,1.189885,81.701996,-224.628113,74.729843
866,1452932613,96.052132,24.126249,-154.237167,-1.207667,-2.086880,1.362111,77.473251,-250.628387,75.684273
867,1452949280,95.242088,23.314484,-159.255341,-1.848155,-1.663943,1.085463,72.549522,-272.087646,75.844467
868,1452965947,94.373817,22.464363,-164.516098,-2.412510,-1.166410,0.525861,70.713547,-288.060760,75.452812
869,1452982614,93.441116,21.612749,-169.980377,-2.975588,-0.524895,0.324718,67.103004,-302.272705,71.941643
870,1452999281,92.615791,20.693605,-175.478546,-3.209474,-0.661490,-0.370275,69.573608,-306.879517,71.580986
871,1453015948,92.164642,19.659302,179.065674,-3.451588,-1.334013,-1.062275,85.871643,-306.971252,75.072159
872,1453032615,92.078568,18.480341,173.645096,-3.960460,-1.527059,-1.429350,101.117493,-307.128143,82.319145
873,1453049282,92.151169,17.110506,168.224686,-4.327529,-0.775511,-1.691357,103.765007,-308.996826,93.805931
874,1453065949,92.051041,15.589377,162.885071,-3.854674,2.246006,-0.495003,84.193184,-306.439087,102.715248
875,1453082616,91.507797,14.010365,157.790970,-2.738396,3.649884,0.336404,45.524761,-294.986237,104.106400
876,1453099283,90.652756,12.439917,153.004196,-2.557377,2.274527,-0.294915,14.472958,-280.323822,99.718018
877,1453115950,89.740494,10.972015,148.537292,-2.747413,2.280120,-0.329944,-0.284520,-264.687195,89.218628
878,1453132617,88.754036,9.758925,144.632187,-0.902023,5.986298,2.188382,-16.956423,-233.967865,70.005966
879,1453149284,87.439392,8.867082,141.621735,1.638375,8.115094,3.702712,-49.555443,-182.466919,47.818062
880,1453165951,85.955254,8.328448,139.670670,2.201084,7.505508,2.788850,-71.428352,-119.962738,25.844015
881,1453182618,85.072922,8.142961,138.814346,2.010363,6.078732,1.522248,-45.437126,-54.090183,7.352057
882,1453199285,85.195435,8.318035,138.985336,1.635650,5.599970,1.273782,6.048091,8.497088,-9.384179
883,1453215952,86.171211,8.773303,140.040131,2.308381,5.662985,2.497024,49.332024,61.951591,-22.320541
884,1453232619,87.432045,9.444823,141.710403,2.325778,5.551783,3.316106,59.995453,98.553764,-34.510178
885,1453249286,88.596024,10.305426,143.807388,1.666261,5.326839,3.539739,48.495876,123.170815,-47.118362
886,1453265953,89.425018,11.352211,146.151474,1.168323,4.976426,3.493960,23.579819,136.710999,-60.226818
887,1453282620,89.884163,12.599135,148.672928,0.737279,4.965552,3.146223,-3.553995,145.964630,-73.740280
888,1453299287,90.109650,14.020791,151.465118,0.652241,5.262366,2.926209,-24.724054,160.553345,-85.111183
889,1453315954,90.187241,15.611695,154.551743,0.145645,5.267594,2.535569,-42.364059,176.341553,-95.737411
890,1453332621,90.230949,17.363619,157.955261,-0.734835,4.864305,2.054210,-54.971882,192.985382,-105.644920
891,1453349288,90.430382,19.250872,161.675568,-1.446161,3.923213,1.153777,-57.773438,208.837891,-114.265480
892,1453365955,91.016098,21.260921,165.712479,-1.689880,3.216943,0.882424,-48.334911,223.272110,-123.260750
893,1453382622,92.133888,23.387154,170.098999,-2.292176,2.873144,1.169854,-32.533394,237.462158,-134.000259
894,1453399289,93.896820,25.598877,174.873688,-3.031294,2.289608,1.148103,-12.643849,250.958145,-145.998230
895,1453415956,96.021011,27.826311,179.905396,-3.573037,1.273516,1.530544,-7.919174,254.734665,-156.210526
896,1453432623,98.016640,30.055357,-175.064728,-4.070011,0.618111,1.659002,-25.955038,243.408035,-164.765930
897,1453449290,99.873619,32.308022,-170.107361,-4.301130,-0.237931,0.730062,-42.228111,227.997543,-172.839584
898,1453465957,101.715286,34.601406,-165.223907,-4.776878,-0.883076,0.464952,-50.665531,212.007645,-180.711319
899,1453482624,103.413177,36.908524,-160.526352,-4.822760,-1.392131,0.380118,-62.458973,190.795868,-184.643311
900,1453499291,104.834030,39.197334,-156.113571,-3.864350,-2.624022,-0.421432,-77.569473,166.331879,-183.844711
901,1453515958,105.977615,41.482437,-152.040054,-2.422197,-3.768893,-1.221078,-89.218384,140.839401,-181.482742
902,1453532625,106.820114,43.706684,-148.326187,-1.308861,-4.096080,-1.454124,-99.885918,117.342079,-174.164383
903,1453549292,106.964005,45.842148,-145.120026,-0.745303,-3.538265,-1.278317,-126.467239,91.088776,-162.123306
904,1453565959,106.452301,47.823154,-142.454880,0.253907,-3.244747,-1.910298,-146.949371,68.257645,-145.154434
905,1453582626,105.663345,49.577229,-140.270050,1.719611,-3.147287,-2.637738,-145.456940,51.667027,-124.932655
906,1453599293,104.701996,51.066563,-138.563797,2.517688,-2.767770,-2.722941,-136.126556,37.310352,-103.218102
907,1453615960,103.422577,52.259811,-137.421585,3.422398,-2.673564,-2.769616,-130.184174,21.466633,-79.626862
908,1453632627,101.743370,53.163467,-136.888397,3.869956,-2.741093,-2.791654,-125.891891,4.716468,-56.978008
909,1453649294,99.696884,53.779476,-136.924728,3.959215,-2.627187,-2.863728,-120.740837,-10.550710,-35.895058
910,1453665961,97.401764,54.089943,-137.414780,4.205349,-2.258389,-3.193803,-113.658325,-22.302923,-15.654889
911,1453682628,95.032509,54.106796,-138.210724,4.432458,-2.160605,-3.211373,-103.206551,-30.378565,2.237136
912,1453699295,92.934387,53.859631,-139.131104,4.770894,-2.546535,-3.234273,-80.969162,-33.809090,17.269842
913,1453715962,91.457573,53.377712,-140.059616,4.991569,-3.210467,-3.295611,-43.518082,-34.375069,30.396572
914,1453732629,90.539078,52.672840,-140.998871,4.684662,-3.587083,-3.258784,-9.877035,-35.637238,43.120052
915,1453749296,89.773102,51.735653,-142.101212,4.074227,-3.509967,-3.344059,6.510192,-42.884792,56.597839
916,1453765963,88.912788,50.567795,-143.466461,3.517463,-3.433341,-3.539507,12.359494,-54.696480,69.737137
917,1453782630,88.143776,49.212128,-145.040649,2.983160,-3.779293,-3.404400,26.267241,-65.458542,80.015839
918,1453799297,88.032127,47.752655,-146.644058,2.292010,-4.628166,-2.815308,65.478386,-69.207069,85.660500
919,1453815964,88.696091,46.244228,-148.257614,1.353597,-5.121860,-1.761156,110.771248,-71.160835,88.857056
920,1453832631,89.639046,44.677464,-150.050415,0.182967,-4.907268,-0.820615,133.351974,-79.391327,93.171303
921,1453849298,90.269241,43.068085,-152.182938,-0.766075,-4.361483,-0.100923,126.582588,-94.912735,96.752167
922,1453865965,90.468483,41.489567,-154.699844,-0.723598,-4.238172,-0.051195,113.635002,-113.731247,95.681427
923,1453882632,90.508484,40.056828,-157.615631,-0.605644,-4.529261,0.457969,116.724152,-134.362015,87.336693
924,1453899299,90.535507,38.819946,-161.044464,-0.701167,-5.141450,1.459600,132.367752,-160.826035,75.900146
925,1453915966,90.248695,37.779545,-165.102615,-1.920518,-5.188630,3.215506,133.742767,-193.277100,63.972748
926,1453932633,89.426796,36.835609,-169.719513,-2.477326,-4.382089,3.413467,118.624496,-223.122757,56.249943
927,1453949300,88.226601,35.966248,-174.807495,-2.397720,-2.805648,2.944835,109.199257,-249.370667,47.356190
928,1453965967,86.996796,35.118778,179.885056,-2.681343,-1.065426,1.030581,111.369942,-263.641968,40.248600
929,1453982634,86.143806,34.222118,174.518387,-2.470607,-0.554906,-0.118155,132.022186,-270.205017,38.108322
930,1453999301,85.629364,33.300446,169.060715,-2.989990,-0.107438,-0.705099,151.137115,-278.147827,35.885826
931,1454015968,85.351387,32.347019,163.568832,-3.730039,1.580821,-0.154663,161.952072,-283.184692,35.519737
932,1454032635,85.074074,31.335449,158.186340,-3.723006,3.243130,0.319807,153.768082,-281.099884,37.848766
933,1454049302,84.720619,30.231783,152.990311,-3.219079,3.212531,-0.434888,138.392517,-275.286896,42.393875
934,1454065969,84.520058,29.038034,148.033951,-2.557809,4.120558,-1.316970,135.060608,-266.683685,47.329983
935,1454082636,84.480545,27.837259,143.561691,-1.451499,7.110032,-0.301375,125.464417,-244.386459,49.356785
936,1454099303,84.305115,26.702265,139.735367,-0.335623,7.732224,0.888470,94.742004,-212.334000,48.087505
937,1454115970,83.986656,25.710062,136.538864,0.455202,7.071493,0.985062,65.689362,-179.822784,41.912998
938,1454132637,83.788391,24.849892,134.009811,1.914260,6.815010,0.927322,53.029457,-144.488708,36.937572
939,1454149304,83.804314,24.110926,132.258499,3.340469,7.395916,1.513157,44.647415,-102.411743,33.963860
940,1454165971,83.857780,23.495728,131.337585,4.072284,7.546633,2.220155,25.683199,-56.743366,31.472908
941,1454182638,83.776093,23.068211,131.132812,4.378143,7.177542,3.199294,0.162916,-16.476070,24.476894
942,1454199305,83.616211,22.855589,131.674026,3.723592,6.821453,2.866363,-22.018620,25.834539,16.139839
943,1454215972,83.589485,22.860338,132.939636,3.433971,6.165913,2.552029,-30.828995,67.107361,7.676768
944,1454232639,83.769676,23.064363,134.853241,2.892514,5.636948,2.354335,-33.679276,103.984276,-0.372719
945,1454249306,84.154549,23.447149,137.342957,2.122131,5.232486,1.891660,-35.559868,136.468842,-8.252109
946,1454265973,84.734375,24.004465,140.332123,1.071972,4.727700,1.676733,-37.027534,164.238586,-17.234221
947,1454282640,85.379623,24.729992,143.746750,0.056107,4.485853,1.711282,-45.448997,187.278992,-27.133686
948,1454299307,85.949196,25.594458,147.519485,-0.611008,4.309792,1.539149,-61.690891,205.827377,-36.071175
949,1454315974,86.501450,26.585300,151.629868,-1.191576,3.955870,1.096921,-74.931931,222.547562,-44.572834
950,1454332641,87.158669,27.658314,156.070267,-1.768834,3.385394,0.451229,-81.619858,237.952042,-50.992470
951,1454349308,87.999649,28.777920,160.786331,-2.513822,2.363089,-0.256460,-82.924591,249.584656,-56.398369
952,1454365975,89.180542,29.897440,165.772217,-3.235712,0.965111,-0.817685,-75.314888,259.995056,-60.536652
953,1454382642,90.641510,30.985147,170.958893,-3.540891,0.115092,-0.752951,-69.619980,266.042328,-64.638779
954,1454399309,92.128929,31.990767,176.193954,-3.832284,-0.064711,-0.450787,-74.428329,263.953552,-66.585770
955,1454415976,93.192055,32.851070,-178.787750,-4.174534,0.044398,-0.298521,-97.235626,249.142303,-63.159122
956,1454432643,93.663567,33.566673,-174.117950,-4.338923,-0.555805,-0.982483,-124.737984,229.091553,-56.684879
957,1454449310,93.954239,34.138756,-169.742340,-3.540377,-1.701049,-1.892812,-128.375336,212.922867,-48.549080
958,1454465977,94.279243,34.583084,-165.633926,-2.796530,-2.212170,-1.941881,-119.200272,198.700058,-41.020061
959,1454482644,94.495697,34.894817,-161.828293,-2.466984,-2.297740,-1.248054,-116.706039,183.306686,-32.825844
960,1454499311,94.423653,35.065254,-158.371552,-2.250014,-2.449186,-1.008634,-122.800385,166.266525,-23.230879
961,1454515978,94.157394,35.080673,-155.234970,-1.909298,-2.536418,-1.144099,-123.699028,151.160141,-12.270153
962,1454532645,93.896660,34.957222,-152.370300,-1.517980,-2.714778,-1.046227,-113.861099,138.563232,-2.320851
963,1454549312,93.879395,34.729153,-149.684158,-0.897998,-3.231754,-0.813986,-92.716194,130.524628,4.857983
964,1454565979,94.189545,34.420082,-147.119278,-0.248160,-3.623029,-0.349693,-68.334389,125.316025,9.756913
965,1454582646,94.644958,34.045853,-144.708542,0.255783,-3.732885,0.075186,-53.665810,118.557976,13.350906
966,1454599313,95.048889,33.635628,-142.468872,0.847165,-3.761420,0.222271,-50.231285,110.885437,15.269675
967,1454615980,95.381348,33.240509,-140.411072,1.644431,-3.797045,0.218369,-47.734650,102.338684,14.421320
968,1454632647,95.586166,32.866699,-138.573059,2.477166,-4.002693,0.445536,-47.522308,91.720314,13.672907
969,1454649314,95.731766,32.507614,-137.007706,3.733693,-4.652606,0.344241,-41.665298,78.338142,13.830912
970,1454665981,96.024658,32.168961,-135.770706,4.933635,-5.040253,0.021039,-21.836376,61.998913,13.981112
971,1454682648,96.350494,31.842497,-135.041489,5.373004,-4.777302,-0.180058,-3.380819,36.521984,15.673133
972,1454699315,96.435768,31.501616,-134.985321,5.159989,-4.119757,-0.313115,3.580232,2.633137,20.214336
973,1454715982,96.060509,31.133059,-135.647003,4.823763,-3.534451,-0.344092,-1.676067,-33.817619,25.890102
974,1454732649,95.233398,30.733471,-136.919724,4.519847,-3.001009,-0.418692,-10.193289,-65.347397,30.529314
975,1454749316,94.143295,30.307592,-138.658066,4.241994,-2.595444,-0.661383,-12.278364,-89.985748,33.045334
976,1454765983,93.130875,29.850868,-140.699646,4.426271,-2.831592,-1.119985,0.788669,-106.578270,34.318531
977,1454782650,92.392296,29.359528,-142.947067,4.210673,-3.103471,-1.197132,22.419802,-118.228378,35.354774
978,1454799317,91.924950,28.821592,-145.389771,3.611913,-3.416012,-1.591037,43.313465,-129.322556,37.349689
979,1454815984,91.669670,28.246801,-148.054413,2.782286,-3.745912,-1.448566,61.128376,-141.868332,39.160542
980,1454832651,91.417015,27.663931,-151.037369,1.579277,-3.888036,-0.608246,68.800743,-159.659103,39.511612
981,1454849318,90.958420,27.060755,-154.433853,0.540849,-3.848555,0.180641,66.194611,-182.771988,40.234737
982,1454865985,90.222237,26.444973,-158.258682,-0.033389,-3.890645,0.524745,59.178967,-207.102432,39.359818
983,1454882652,89.375633,25.816608,-162.428574,-0.460818,-4.011629,-0.084135,59.434586,-227.323914,37.220165
984,1454899319,88.681694,25.187292,-166.849518,-1.196539,-3.903866,-0.389812,72.598495,-242.600449,34.007050
985,1454915986,88.172523,24.556915,-171.481140,-2.116071,-3.367063,-0.013126,86.351540,-255.651276,31.205267
986,1454932653,87.809227,23.904037,-176.288025,-2.834592,-2.581446,-0.098081,96.577751,-266.804688,30.248899
987,1454949320,87.555183,23.218555,178.785248,-3.337749,-1.492132,0.042732,102.925674,-274.996368,30.460287
988,1454965987,87.306053,22.529434,173.764740,-3.581488,-0.238059,0.124241,102.151276,-281.715088,29.188408
989,1454982654,87.124123,21.858616,168.780533,-3.838188,0.391645,-0.255898,102.065079,-281.114838,27.074142
990,1454999321,87.041039,21.232464,163.920914,-3.879469,0.533144,-0.153268,102.109741,-275.354187,24.045319
991,1455015988,86.897507,20.680666,159.223969,-3.677546,2.545156,0.839197,92.208961,-267.143585,19.475586
992,1455032655,86.409721,20.208326,154.816437,-2.437507,5.554994,2.041368,63.155392,-251.601654,14.153586
993,1455049322,85.594040,19.810671,150.949142,-1.186646,6.632566,1.888099,30.534477,-221.730011,8.916570
994,1455065989,84.738960,19.555944,147.609238,-0.474744,5.352455,1.399811,16.292286,-191.861465,-0.363159
995,1455082656,84.265160,19.493759,144.841049,-0.376726,4.828475,1.060284,27.199415,-158.727676,-10.986334
996,1455099323,84.324753,19.583288,142.804932,0.756881,6.237989,1.747054,44.564125,-116.574280,-16.504620
997,1455115990,84.486656,19.787380,141.485809,2.395898,7.719895,2.782101,36.528984,-75.500969,-19.182259
998,1455132657,84.496819,20.115553,140.868805,2.895055,7.864618,2.256680,13.430833,-35.260918,-22.688213
999,1455149324,84.553055,20.585146,140.962021,2.364916,6.847689,1.440434,1.652260,5.409961,-27.310347
1000,1455165991,84.865234,21.202053,141.731155,1.777876,6.264979,1.275084,2.527059,43.862892,-32.657787
1001,1455182658,85.362068,21.907251,143.109619,1.794367,6.352663,1.652401,-0.299356,77.782921,-35.395607
1002,1455199325,85.897522,22.675480,145.020233,1.824675,6.702399,1.696309,-11.055290,106.822807,-37.675926
1003,1455215992,86.365700,23.509552,147.387146,1.229589,6.427649,1.079474,-27.282345,131.285568,-40.922134
1004,1455232659,86.809639,24.419609,150.164368,0.353499,5.565542,0.515876,-40.694611,152.839813,-45.251507
1005,1455249326,87.284637,25.408096,153.297562,-0.358137,4.999068,0.654623,-50.320946,170.917953,-50.257133
1006,1455265993,87.740181,26.444462,156.767868,-0.923287,4.937763,0.952373,-63.313568,187.394989,-53.803844
1007,1455282660,88.166428,27.492189,160.580032,-1.504228,4.643964,0.652987,-77.746429,203.597092,-55.347588
1008,1455299327,88.676613,28.529392,164.704788,-2.252017,4.050239,0.131604,-85.200729,217.764786,-55.989822
1009,1455315994,89.502373,29.524841,169.120834,-2.980072,2.920828,-0.720304,-78.599808,230.248520,-55.833908
1010,1455332661,90.829651,30.418907,173.790070,-3.411827,1.778673,-1.082439,-59.908424,240.179153,-54.140980
1011,1455349328,92.506256,31.166101,178.586166,-3.664773,1.167951,-0.875410,-46.310081,243.432678,-51.803226
1012,1455365995,94.244934,31.729952,-176.676254,-3.755069,0.596231,-0.823426,-43.570034,237.740662,-47.852703
1013,1455382662,95.827789,32.089458,-172.151306,-4.006538,0.528182,-0.705587,-48.116486,225.338547,-41.529060
1014,1455399329,97.200447,32.264221,-167.890198,-4.077247,0.053828,-0.893573,-53.354523,211.468506,-34.786171
1015,1455415996,98.244797,32.262386,-163.930679,-4.260873,-0.168937,-0.865626,-63.706615,196.745468,-26.710793
1016,1455432663,98.898338,32.120785,-160.292358,-3.580862,-0.943812,-1.378518,-76.626022,181.603912,-18.964766
1017,1455449330,99.050911,31.867102,-156.980255,-3.223534,-1.509812,-1.230056,-95.664581,166.511124,-11.089851
1018,1455465997,98.537048,31.530025,-153.993439,-2.857965,-2.314879,-0.807915,-124.520538,151.430283,-3.157129
1019,1455482664,97.601318,31.127129,-151.209915,-2.239195,-3.179750,-0.703419,-142.502441,142.300766,4.078157
1020,1455499331,96.761307,30.696930,-148.440826,-1.634571,-3.867759,-0.491623,-135.284180,142.300308,7.960607
1021,1455515998,96.618858,30.297565,-145.490082,-0.847618,-4.633133,-0.532784,-97.942467,151.931915,6.197881
1022,1455532665,97.503479,29.962719,-142.226730,0.313090,-5.254876,-0.867173,-44.781555,168.141098,-0.707511
1023,1455549332,98.997406,29.697578,-138.790878,0.887015,-5.378657,-0.460861,-12.508316,176.866241,-9.744001
1024,1455565999,100.474655,29.502165,-135.447372,1.468410,-5.398220,-0.539839,-10.075276,171.483490,-17.763620
1025,1455582666,101.684761,29.360008,-132.368103,2.186151,-5.325533,-0.918412,-17.817142,157.118469,-22.372171
1026,1455599333,102.625656,29.247093,-129.684799,3.321163,-5.410316,-1.315176,-22.003798,136.238754,-22.757196
1027,1455616000,103.329979,29.129925,-127.511147,4.561650,-5.494347,-1.376316,-21.018980,110.065910,-18.533579
1028,1455632667,103.767944,28.967857,-125.962936,5.557060,-5.224781,-1.487009,-18.534908,78.757042,-9.383725
1029,1455649334,103.884590,28.710684,-125.128342,6.083494,-4.604968,-1.668119,-16.894180,43.788204,4.694992
1030,1455666001,103.673950,28.327909,-125.032173,6.122709,-3.901399,-1.701811,-15.167253,7.891133,21.296904
1031,1455682668,103.144081,27.789480,-125.656387,5.709691,-3.079652,-1.724007,-13.983992,-27.180939,39.298649
1032,1455699335,102.443382,27.087147,-126.886131,5.245272,-2.697402,-1.694950,-7.877353,-57.056690,55.811722
1033,1455716002,101.848503,26.266750,-128.498291,4.963058,-2.792807,-1.447286,7.871730,-76.674713,66.535080
1034,1455732669,101.518257,25.424868,-130.309158,4.386045,-3.101219,-0.739712,27.665430,-88.070015,69.506500
1035,1455749336,101.246193,24.609629,-132.295349,3.469286,-3.254731,-0.090266,34.160992,-98.759056,69.512032
1036,1455766003,100.729881,23.819735,-134.538055,2.670510,-3.321458,0.390772,24.281048,-113.989861,70.170593
1037,1455782670,99.828781,23.028046,-137.115601,1.908232,-3.378601,0.494803,7.469715,-133.712067,72.320839
1038,1455799337,98.621933,22.211266,-140.064713,1.450195,-3.340741,0.425233,-4.309535,-155.930679,74.819672
1039,1455816004,97.408714,21.386829,-143.375427,1.518252,-3.394440,0.360277,1.006155,-178.302658,74.965645
1040,1455832671,96.392036,20.574476,-147.023254,1.289919,-3.102854,0.326367,17.386915,-199.584167,73.211853
1041,1455849338,95.573265,19.745558,-151.007126,0.895490,-3.058686,0.086946,33.264210,-220.540039,73.131538
1042,1455866005,94.929176,18.893385,-155.309921,0.043748,-3.105477,0.278362,46.760525,-240.490692,73.503021
1043,1455882672,94.360504,18.000946,-159.910095,-1.008819,-2.675370,0.658987,53.211418,-259.199463,74.871170
1044,1455899339,93.756470,17.066416,-164.800644,-1.688305,-1.751580,0.984164,52.151360,-277.697968,76.037514
1045,1455916006,93.045555,16.100950,-169.980179,-1.905468,-1.301897,0.856325,46.045349,-296.444641,75.801811
1046,1455932673,92.398758,15.138107,-175.446808,-2.105207,-2.482588,-0.146182,49.515526,-315.339081,73.021568
1047,1455949340,91.918617,14.206749,178.802002,-3.269212,-2.839138,-0.090267,58.601509,-334.033722,68.737335
1048,1455966007,91.223030,13.305343,172.815460,-4.382614,-0.482197,1.661924,43.696648,-349.827454,63.954983
1049,1455982674,89.836739,12.412361,166.737198,-4.323681,2.321104,2.763312,-1.947030,-357.582428,57.191067
1050,1455999341,87.782166,11.556190,160.763153,-3.499741,4.511789,2.656758,-48.725315,-354.173065,44.400017
1051,1456016008,85.509895,10.798307,155.155991,-2.514018,4.947361,1.941865,-70.972000,-334.690887,26.413412
1052,1456032675,83.588463,10.207776,150.042435,-2.358423,4.054252,0.467102,-59.211937,-306.223816,6.944353
1053,1456049342,82.335899,9.786055,145.553452,-2.401289,3.895712,0.188036,-28.269878,-268.897888,-7.059195
1054,1456066009,81.734322,9.499717,141.734985,-1.637490,4.651700,1.015317,2.400207,-228.617462,-13.964388
1055,1456082676,81.304207,9.296941,138.545685,0.122682,6.236262,2.135472,5.568443,-191.058304,-15.501638
1056,1456099343,80.689354,9.180332,135.968430,1.708202,7.148290,2.039250,-11.909924,-154.374832,-16.685255
1057,1456116010,79.940933,9.182800,134.165619,2.168292,7.730223,1.223845,-27.462637,-107.752945,-17.839014
1058,1456132677,79.282524,9.393971,133.125259,2.225720,6.913037,0.954791,-29.215946,-60.819988,-23.321707
1059,1456149344,79.083862,9.859271,132.980240,1.736960,6.896352,0.496871,-10.223394,-5.684771,-28.801922
1060,1456166011,79.539406,10.539171,133.843903,1.865920,7.093126,0.796527,18.424770,55.191288,-30.417080
1061,1456182678,80.393936,11.406035,135.637695,1.845325,6.958861,1.197802,31.075104,110.631401,-32.612640
1062,1456199345,81.467163,12.433083,138.224319,1.147364,6.308528,0.822204,32.650059,157.214066,-36.730083
1063,1456216012,82.815475,13.641979,141.544846,0.289127,5.828775,0.810148,36.277557,199.733536,-45.129864
1064,1456232679,84.458633,15.027649,145.532669,-0.367730,5.498238,1.246052,39.680836,237.169113,-56.745949
1065,1456249346,86.446014,16.546455,150.153015,-0.930174,5.412071,1.142498,44.146671,270.721069,-69.489418
1066,1456266013,88.863693,18.115332,155.369080,-1.636634,4.866084,0.491667,52.142685,299.939606,-81.615067
1067,1456282680,91.631218,19.656246,161.045258,-2.372969,3.757730,-0.287764,56.113575,319.428619,-93.620926
1068,1456299347,94.609207,21.121325,167.049057,-2.772657,2.932478,-0.750059,53.472431,329.971344,-105.920517
1069,1456316014,97.621933,22.470249,173.251999,-3.079373,2.224120,-0.566081,42.871380,332.582581,-117.051888
1070,1456332681,100.460625,23.675810,179.533051,-3.464673,1.755579,-0.597320,22.945057,328.651825,-125.679237
1071,1456349348,103.205666,24.712433,-174.162094,-3.613863,0.698881,-1.205034,9.996338,322.596558,-131.398178
1072,1456366015,105.910858,25.530811,-167.880112,-3.409048,-0.696741,-1.604108,2.633927,315.581085,-133.072723
1073,1456382682,107.864014,26.143570,-161.961090,-3.165995,-0.810727,-0.483106,-37.196774,292.800690,-127.808945
1074,1456399349,107.919785,26.635374,-156.755829,-3.551541,-0.631542,0.925528,-134.996979,254.817154,-113.819656
1075,1456416016,106.361160,27.116331,-152.253723,-3.112464,-1.439377,-1.085961,-215.119904,219.413498,-98.382240
1076,1456432683,104.332207,27.468950,-148.184265,-2.530510,-2.342870,-1.604856,-233.186676,201.322205,-77.621147
1077,1456449350,101.698593,27.662243,-144.729828,-2.151381,-3.061465,0.164820,-253.430130,174.079208,-52.467693
1078,1456466017,98.015129,27.666422,-142.175369,-1.037332,-3.852630,0.998279,-291.685974,131.360718,-23.264433
1079,1456482684,93.210899,27.441425,-140.626526,0.140619,-4.473737,1.247627,-330.782745,80.963364,5.609861
1080,1456499351,87.642212,26.934238,-139.991287,1.176257,-4.703637,0.701348,-351.107880,31.754133,30.427116
1081,1456516018,81.563133,26.113716,-140.178696,1.804380,-4.501428,0.384434,-359.310822,-17.056244,48.327164
1082,1456532685,75.030792,24.978470,-141.060898,2.284566,-4.400327,0.380773,-368.712646,-63.022923,57.277050
1083,1456549352,68.050224,23.494650,-142.561508,2.962685,-4.316776,0.398399,-381.468262,-108.558075,58.715115
1084,1456566019,60.793739,21.664066,-144.433319,3.791073,-4.760275,0.601874,-391.857971,-143.488800,54.553715
1085,1456582686,53.189541,19.495922,-146.626022,4.867782,-5.313933,0.515132,-409.590973,-176.718781,42.237164
1086,1456599353,45.752888,17.130367,-148.950867,5.059113,-5.284454,-0.754755,-401.969818,-195.468719,22.050406
1087,1456616020,39.031818,14.723374,-151.241608,5.086535,-4.806847,-2.036766,-365.192505,-198.353073,-0.027999
1088,1456632687,33.518990,12.498822,-153.571960,4.413220,-3.878919,-2.364856,-297.569214,-190.573441,-30.374313
1089,1456649354,29.222866,10.619024,-155.842926,3.924613,-4.085389,-1.559471,-230.221725,-168.350677,-55.044182
1090,1456666021,25.943354,9.060920,-158.245819,4.228815,-4.616591,-0.790601,-171.929092,-151.191696,-82.392059
1091,1456682688,23.243223,7.636040,-160.834442,4.471395,-5.125849,-1.055872,-139.286575,-144.257416,-103.919441
1092,1456699355,21.141245,6.274352,-163.723862,3.674273,-4.338565,-1.949759,-104.983826,-143.225937,-128.238907
1093,1456716022,19.479092,4.998157,-166.867599,2.514560,-4.258831,-1.602395,-81.087860,-139.555038,-149.209137
1094,1456732689,17.992088,3.774617,-170.263458,1.723034,-4.280555,-0.898148,-73.536003,-137.379868,-168.561874
1095,1456749356,16.728319,2.649102,-173.868652,0.893357,-4.344314,0.071828,-63.620796,-131.517242,-185.737045
1096,1456766023,15.524742,1.565490,-177.641052,0.107349,-4.471149,0.514656,-63.818138,-127.916237,-198.975769
1097,1456782690,14.487420,0.534931,178.413757,-0.714605,-3.436708,0.564567,-57.839634,-123.647629,-212.335846
1098,1456799357,13.687906,-0.387546,174.324036,-1.331887,-2.712354,0.726265,-47.604012,-116.064522,-224.265305
1099,1456816024,13.158547,-1.190908,170.122284,-1.799387,-1.267971,1.061704,-35.190914,-108.066841,-233.740906
1100,1456832691,12.967313,-1.805437,165.921295,-1.907333,-0.368083,1.218776,-18.025476,-95.540215,-236.849899
1101,1456849358,12.976298,-2.240356,161.821899,-2.116867,-0.479748,1.385472,-8.100415,-83.286118,-233.412155
1102,1456866025,13.094534,-2.556934,157.821625,-2.402332,-0.289276,1.639513,-2.903257,-75.279312,-229.072067
1103,1456882692,13.264416,-2.736413,153.924896,-2.720826,0.467693,2.107349,-0.549934,-66.422668,-224.675003
1104,1456899359,13.503303,-2.724140,150.207062,-2.347290,2.115309,2.503842,3.766734,-53.548008,-216.662964
1105,1456916026,13.911314,-2.458263,146.768234,-1.646899,2.793231,2.627946,15.224545,-36.030075,-203.761932
1106,1456932693,14.564391,-1.902129,143.645920,-1.423235,2.682548,2.562324,32.141979,-16.378918,-189.392303
1107,1456949360,15.327312,-1.134437,140.874176,-1.470502,1.996791,1.814678,41.467815,-1.041617,-172.238586
1108,1456966027,16.147007,-0.236245,138.403580,-1.420119,1.792672,1.488217,47.518219,9.009323,-157.024734
1109,1456982694,17.000151,0.795694,136.163162,-1.383914,2.200227,1.789627,51.962711,18.347502,-146.246902
1110,1456999361,17.896574,2.026802,134.138153,-0.927281,3.528035,2.979254,56.902714,31.404476,-137.766235
1111,1457016028,18.976048,3.560644,132.469284,-0.039256,4.616934,2.789249,69.785309,53.051491,-123.743935
1112,1457032695,20.463083,5.394228,131.200851,0.242649,4.228166,1.392066,95.313568,75.360062,-108.302483
1113,1457049362,22.383232,7.467870,130.314392,-0.122039,3.577985,0.506074,121.328163,93.935852,-94.407661
1114,1457066029,24.507544,9.719208,129.823807,-0.498662,3.689471,0.857063,132.026886,109.786560,-80.207672
1115,1457082696,26.261217,11.964369,129.744202,-0.309133,4.138691,1.365221,106.301590,117.148361,-61.748085
1116,1457099363,27.815018,14.213200,130.071106,0.497658,5.187571,0.782536,88.978935,126.340019,-44.081005
1117,1457116030,29.417673,16.490278,130.849136,0.575676,5.373649,0.051411,84.007172,138.990234,-25.679743
1118,1457132697,31.239893,18.766754,132.079819,0.484588,5.176960,-0.707831,87.189384,150.950012,-7.989792
1119,1457149364,33.546192,21.043301,133.799698,0.441594,5.360312,-1.461711,103.469337,164.855408,8.990715
1120,1457166031,36.376999,23.310308,136.030533,-0.062119,5.379848,-1.682050,119.553909,180.054474,23.870848
1121,1457182698,39.252308,25.453423,138.687012,-1.124685,5.215747,-0.910367,106.960487,188.158340,36.083626
1122,1457199365,41.446445,27.303286,141.674515,-2.009673,5.100603,-0.078008,52.269081,186.146530,50.761063
1123,1457216032,42.767361,28.790094,144.944092,-2.034023,5.173048,-0.446277,-12.691159,179.872284,68.850388
1124,1457232699,43.492718,29.984453,148.540955,-1.977264,5.230288,-0.964926,-62.060207,178.479843,88.454102
1125,1457249366,43.719467,30.946218,152.362885,-2.752802,4.362735,-0.824894,-102.314575,175.754150,103.538063
1126,1457266033,43.282337,31.625381,156.294464,-3.334521,3.277092,-0.335841,-148.356171,166.004944,118.392014
1127,1457282700,42.138226,32.051105,160.285095,-4.150219,2.315341,0.173507,-194.553970,154.442154,132.354813
1128,1457299367,40.471706,32.170521,164.241745,-3.394064,1.834142,-0.227357,-225.760422,135.834595,146.549179
1129,1457316034,38.622337,32.058887,168.288040,-3.100530,1.480387,-0.803108,-239.586945,123.497673,163.058289
1130,1457332701,36.638931,31.725512,172.380402,-2.731977,0.662069,-0.958385,-248.274780,109.195015,177.570328
1131,1457349368,34.524605,31.182695,176.461609,-2.784019,-0.267000,-0.596181,-254.163803,92.804817,189.097397
1132,1457366035,32.258995,30.429691,-179.521896,-2.591061,-1.199642,-0.339601,-258.874207,73.938622,197.958755
1133,1457382702,29.928036,29.478878,-175.624252,-1.829764,-1.355370,-0.579415,-256.133942,53.520115,203.250381
1134,1457399369,27.740135,28.417673,-171.824127,-1.702995,-1.633643,-0.294887,-241.149261,38.168243,205.780228
1135,1457416036,25.751093,27.278547,-168.136353,-1.495248,-2.194649,-0.270968,-222.215881,24.718544,205.764343
1136,1457432703,24.083273,26.107855,-164.553284,-0.876217,-2.328350,-0.898113,-196.159500,14.909091,204.068512
1137,1457449370,22.739233,24.942858,-161.129181,-0.440140,-3.097933,-0.669857,-168.703461,7.193271,198.196564
1138,1457466037,21.525997,23.723841,-157.932022,0.376335,-3.884108,-0.091288,-151.375214,-4.241229,189.743103
1139,1457482704,20.366423,22.433363,-155.053940,1.046155,-4.074802,0.376979,-136.820923,-17.877968,176.318283
1140,1457499371,19.291975,21.094139,-152.536072,1.903947,-3.782104,0.496192,-120.054825,-30.372625,159.512741
1141,1457516038,18.291136,19.721710,-150.398483,2.587433,-3.436303,0.451066,-104.367073,-41.632545,140.584015
1142,1457532705,17.330526,18.213341,-148.586029,3.118841,-2.051486,-1.375711,-92.594467,-57.120247,125.849503
1143,1457549372,16.692760,16.646267,-147.069214,3.029004,-1.190527,-2.769470,-65.160118,-66.937950,110.791954
1144,1457566039,16.420349,15.171435,-145.852570,3.287446,-3.009570,-0.829039,-35.999828,-67.267426,92.751335
1145,1457582706,16.233892,13.824064,-144.925507,3.762705,-4.920949,1.368296,-24.779350,-64.911079,74.647797
1146,1457599373,16.101519,12.665066,-144.256104,4.224126,-5.534405,2.171496,-16.846487,-58.382492,57.144234
1147,1457616040,16.231232,11.777684,-143.857178,4.507719,-5.404456,1.316972,2.975382,-47.109924,37.519444
1148,1457632707,16.776608,11.175755,-143.760864,4.640542,-4.921953,-0.090410,31.794025,-35.516407,15.915237
1149,1457649374,17.516546,10.840260,-143.977005,5.002970,-5.520960,-0.031864,47.055256,-25.492580,-6.006879
1150,1457666041,18.182686,10.664600,-144.539017,5.347640,-5.677728,0.039106,46.403305,-22.704382,-28.089968
1151,1457682708,18.754213,10.581402,-145.452835,5.378227,-5.480510,-0.116237,44.502003,-24.341179,-49.324017
1152,1457699375,19.338726,10.541617,-146.706635,4.940578,-4.894544,-0.523646,48.920238,-28.937197,-68.912712
1153,1457716042,20.038734,10.528169,-148.270599,4.510950,-4.087168,-0.956963,59.181290,-34.404030,-86.375092
1154,1457732709,20.866758,10.499922,-150.119888,4.171579,-3.823410,-1.130946,69.922096,-42.290787,-101.403778
1155,1457749376,21.769436,10.411047,-152.248932,3.605571,-3.985782,-1.049075,77.307671,-53.242290,-114.871666
1156,1457766043,22.706015,10.235699,-154.669678,2.734366,-4.213860,-0.472222,82.164459,-66.438507,-128.055206
1157,1457782710,23.697969,10.007813,-157.386719,1.723565,-4.325233,0.058049,88.080933,-78.432289,-141.886795
1158,1457799377,24.682793,9.764620,-160.401169,0.927385,-4.258489,0.569904,90.038422,-88.980888,-156.314133
1159,1457816044,25.487770,9.498318,-163.731186,0.130275,-4.501163,1.222457,81.607468,-100.656029,-171.381012
1160,1457832711,25.979578,9.169425,-167.382492,-0.716421,-4.714604,1.442813,64.908997,-114.317413,-185.917374
1161,1457849378,26.172855,8.767578,-171.341476,-1.776625,-4.363060,1.442894,48.488899,-127.484512,-199.892487
1162,1457866045,26.099773,8.300049,-175.614899,-2.706483,-3.454381,1.462825,33.527004,-139.584015,-215.022522
1163,1457882712,25.844620,7.775938,179.854996,-3.373835,-2.325036,1.498323,22.565546,-148.838684,-227.920029
1164,1457899379,25.485899,7.196427,175.152374,-3.854372,-1.340198,1.276409,15.116602,-155.207428,-236.823212
1165,1457916046,25.088274,6.562642,170.369858,-4.147278,-0.386304,0.925455,10.407419,-158.778915,-241.078796
1166,1457932713,24.694365,5.911083,165.604156,-4.526562,1.552225,1.085885,7.338428,-157.811447,-241.121887
1167,1457949380,24.287279,5.330417,161.023331,-4.604250,2.763594,1.831356,2.427338,-147.797409,-234.208359
1168,1457966047,23.822367,4.872874,156.717651,-4.788398,3.310349,2.329062,-4.964489,-132.643463,-223.504623
1169,1457982714,23.367184,4.535209,152.732544,-4.346613,3.918192,1.935132,-7.721920,-116.629951,-210.011032
1170,1457999381,23.021570,4.327435,149.102188,-3.586880,4.734419,1.574869,-3.907927,-99.652000,-194.452133
1171,1458016048,22.750706,4.244074,145.872040,-2.619781,5.600929,1.382874,-1.747608,-82.408730,-175.849823
1172,1458032715,22.554415,4.280990,143.118042,-1.664626,6.190163,1.231645,0.549657,-64.038040,-152.679214
1173,1458049382,22.414785,4.418460,140.880707,-0.740480,6.850412,1.084028,1.874195,-46.162918,-126.598503
1174,1458066049,22.375347,4.658169,139.213669,0.269477,7.462273,0.754951,5.647786,-27.258266,-97.438423
1175,1458082716,22.479404,4.980717,138.155441,0.900748,7.519645,0.450837,11.708717,-8.792890,-65.653244
1176,1458099383,22.739132,5.340681,137.698486,1.073333,7.376278,0.135782,18.211998,6.927188,-33.289639
1177,1458116050,23.152431,5.699958,137.819138,1.173880,7.392624,-0.140591,24.292995,20.173346,-1.550253
1178,1458132717,23.760054,6.055239,138.470062,1.038259,7.504381,-0.178057,32.677929,32.552208,27.366814
1179,1458149384,24.574575,6.410472,139.604950,0.480885,7.173159,-0.137837,41.723190,44.711983,53.239708
1180,1458166051,25.381493,6.704868,141.149765,-0.412202,6.308573,0.067129,38.097370,52.462440,76.209694
1181,1458182718,26.008873,6.881006,143.020004,-0.804481,5.980386,-0.048367,24.656237,55.419834,96.017075
1182,1458199385,26.480791,6.965855,145.222046,-1.132006,6.071254,-0.020745,12.691159,60.162453,115.576950
1183,1458216052,26.810484,7.002673,147.767014,-1.783299,5.709820,0.301583,1.533664,67.555923,134.654541
1184,1458232719,27.022823,6.991896,150.633408,-2.380143,4.786268,0.359924,-7.874850,74.320229,152.688187
1185,1458249386,27.198502,6.937245,153.794968,-2.806027,4.217997,0.243649,-12.115059,80.520363,169.287354
1186,1458266053,27.400663,6.854746,157.227463,-3.228835,3.686151,0.187021,-12.243462,87.009003,184.136703
1187,1458282720,27.640505,6.751780,160.924377,-3.631823,3.154649,0.159711,-11.523002,93.925735,198.362213
1188,1458299387,27.869158,6.622714,164.878860,-4.097851,2.028614,0.300546,-13.541950,100.526817,212.320786
1189,1458316054,28.028103,6.443444,169.013107,-4.366971,0.931209,0.378323,-18.312508,103.640251,222.915207
1190,1458332721,28.184557,6.233393,173.278717,-4.470045,0.092260,0.288779,-18.492979,106.350769,230.479431
1191,1458349388,28.394054,6.030656,177.620712,-4.571479,-0.944767,0.425002,-14.887069,109.682426,234.024033
1192,1458366055,28.635693,5.817714,-178.027679,-4.182942,-1.983327,0.220675,-12.083966,110.377747,234.456116
1193,1458382722,28.852716,5.570993,-173.719101,-3.651727,-2.949952,0.222578,-12.268435,108.348015,232.826584
1194,1458399389,28.969732,5.266924,-169.471268,-3.058284,-3.767398,0.467071,-16.693813,104.314743,231.085770
1195,1458416056,28.966398,4.927224,-165.292633,-2.443048,-4.406616,0.671858,-22.128345,100.727905,228.517700
1196,1458432723,28.966825,4.619040,-161.205887,-1.873314,-4.757172,0.797029,-20.044168,99.768158,222.905167
1197,1458449390,29.049311,4.386652,-157.207932,-0.982568,-5.015363,0.624746,-13.564951,101.371559,216.068619
1198,1458466057,29.188421,4.214232,-153.321030,-0.107229,-5.144432,0.423000,-8.837085,101.718719,208.360748
1199,1458482724,29.371771,4.067650,-149.573761,0.836141,-4.993721,0.200493,-4.947464,99.592117,200.072556
1200,1458499391,29.549854,3.912281,-145.987061,1.932829,-4.664269,-0.182570,-4.014184,95.049088,191.677292
1201,1458516058,29.719782,3.717859,-142.617920,3.012694,-3.949488,-0.799223,-2.993143,87.169952,181.257004
1202,1458532725,30.006344,3.488915,-139.535843,4.127020,-3.343666,-1.393544,5.816169,77.545586,167.066849
1203,1458549392,30.394346,3.232523,-136.880692,5.496245,-3.653156,-0.982640,14.173003,64.257294,145.368896
1204,1458566059,30.739008,2.904165,-134.816513,6.683719,-3.884724,-0.541533,14.266069,43.470284,116.693321
1205,1458582726,30.979631,2.487241,-133.432693,7.151960,-3.775159,-0.174259,10.729400,18.601658,84.228798
1206,1458599393,31.133307,2.005453,-132.706665,7.338075,-3.779692,0.297063,7.690629,-4.785909,52.399097
1207,1458616060,31.222475,1.507820,-132.581573,7.344976,-4.058270,0.887037,5.277524,-24.142445,22.083530
1208,1458632727,31.336149,1.056544,-132.993942,7.230115,-4.193060,0.947544,7.512805,-38.475288,-6.873616
1209,1458649394,31.545898,0.708556,-133.859665,6.834399,-4.177535,0.705878,13.505609,-47.403080,-33.200016
1210,1458666061,31.858772,0.465328,-135.113037,6.513155,-4.206804,0.407148,19.646343,-54.438557,-56.088013
1211,1458682728,32.232094,0.295048,-136.713211,6.010886,-4.223845,0.256222,23.125938,-62.117035,-75.732216
1212,1458699395,32.686253,0.196217,-138.617386,5.382353,-4.232338,0.294876,27.815441,-68.842621,-92.986145
1213,1458716062,33.250248,0.180474,-140.796097,4.597699,-4.153812,0.185233,34.335564,-74.458969,-108.919151
1214,1458732729,33.931000,0.244862,-143.234451,3.891468,-4.171450,0.125278,41.444420,-80.259918,-123.759712
1215,1458749396,34.717979,0.369458,-145.933395,3.350769,-4.394780,0.251989,48.134972,-87.678856,-137.704330
1216,1458766063,35.541412,0.536245,-148.969543,2.787963,-4.677443,0.594325,50.888103,-99.189041,-154.485077
1217,1458782730,36.310070,0.698181,-152.288757,1.550672,-4.720077,0.722795,48.303200,-111.535103,-166.702332
1218,1458799397,37.014606,0.872078,-155.914062,0.504463,-4.779578,1.258130,45.289032,-124.058983,-180.434692
1219,1458816064,37.598507,1.050851,-159.877182,-0.689952,-4.658714,1.609797,39.061974,-138.128433,-195.341248
1220,1458832731,38.040813,1.246269,-164.174316,-1.885680,-4.380682,1.905534,31.747190,-151.368713,-210.548996
1221,1458849398,38.302860,1.475873,-168.797424,-2.808378,-3.915696,2.094481,22.359547,-163.124680,-226.254257
1222,1458866065,38.344028,1.726712,-173.740036,-3.692779,-3.236757,1.966295,10.817606,-174.586182,-241.617706
1223,1458882732,38.102535,1.979450,-178.970856,-4.549042,-2.562365,1.840263,-4.260859,-184.746948,-255.542740
1224,1458899399,37.579838,2.190034,175.553528,-5.263166,-1.610202,1.512697,-19.309969,-194.013107,-266.757019
1225,1458916066,36.847523,2.351072,169.890305,-5.769405,-0.212968,1.270015,-30.356861,-200.218292,-275.965240
1226,1458932733,35.975296,2.459836,164.170258,-5.796237,1.291822,0.827929,-37.791981,-200.854156,-279.564423
1227,1458949400,35.032642,2.490676,158.526978,-5.513751,2.655327,0.495526,-41.786407,-197.518570,-276.204163
1228,1458966067,34.196095,2.466875,153.091217,-4.991147,3.630628,-0.127821,-35.936005,-188.823929,-267.099701
1229,1458982734,33.798893,2.425766,147.920074,-4.612152,3.798694,-0.605352,-10.450200,-177.923233,-255.366684
1230,1458999401,33.920807,2.386971,143.046707,-4.170042,5.110644,-0.182467,19.717575,-167.242081,-241.056061
1231,1459016068,34.305382,2.356433,138.627838,-2.662680,6.956085,-0.053211,34.174240,-152.619812,-218.062820
1232,1459032735,34.721802,2.339278,134.856247,-1.040801,7.870052,0.005264,34.395115,-131.483780,-185.491959
1233,1459049402,34.813660,2.281374,131.830246,0.238853,7.791518,-0.144254,12.990142,-108.809753,-146.809052
1234,1459066069,34.587418,2.209985,129.620895,1.590076,8.475684,-0.197206,-8.205855,-81.431900,-106.244133
1235,1459082736,34.265339,2.199374,128.290680,2.484816,8.818808,0.180241,-16.067066,-48.113022,-65.213066
1236,1459099403,34.109249,2.327408,127.820885,2.816952,8.824028,0.583784,-8.052776,-11.956755,-27.407604
1237,1459116070,34.324051,2.632434,128.196121,2.756316,8.785834,0.522889,12.125172,25.307592,8.513552
1238,1459132737,34.939068,3.090025,129.352890,2.184707,8.426994,0.304424,33.659946,59.514217,41.635223
1239,1459149404,35.817425,3.619260,131.160889,1.338445,7.719453,0.317080,46.585255,86.125908,70.109253
1240,1459166071,36.645035,4.142747,133.515564,0.301665,7.249341,0.735954,40.334499,106.187256,95.327644
1241,1459182738,37.250519,4.626760,136.309601,-0.440159,6.886382,0.862656,23.762129,121.222252,116.316399
1242,1459199405,37.683048,5.103450,139.502899,-1.401417,6.665014,0.873234,9.960243,136.374954,134.319046
1243,1459216072,38.034733,5.592888,143.054230,-2.291631,5.939941,0.510361,1.506708,150.930771,149.663849
1244,1459232739,38.295349,6.059014,146.915848,-2.946526,5.104551,0.441377,-7.608439,161.972809,164.136063
1245,1459249406,38.412529,6.468655,151.029861,-3.603626,4.313700,0.638348,-19.617153,169.080917,177.347565
1246,1459266073,38.427193,6.815846,155.373489,-3.945604,3.662294,0.534052,-28.976955,174.738876,190.060532
1247,1459282740,38.487255,7.129667,159.897018,-4.319698,2.984195,0.405922,-29.051258,179.843811,199.435699
1248,1459299407,38.700047,7.430787,164.567825,-4.652287,2.274990,0.211034,-22.454086,185.079117,206.194412
1249,1459316074,38.994240,7.733856,169.348557,-5.118980,1.077374,0.672408,-19.906645,190.055344,210.227661
1250,1459332741,39.158871,7.983214,174.150604,-5.203765,-0.108081,0.936345,-29.220966,189.080032,212.327515
1251,1459349408,39.161594,8.164714,178.901657,-5.068658,-1.380563,0.875849,-39.572472,184.225281,212.161118
1252,1459366075,39.000072,8.280514,-176.477982,-4.688488,-2.749656,1.081624,-49.032341,175.910889,208.789917
1253,1459382742,38.646885,8.319083,-172.032501,-4.188262,-3.430031,0.902559,-59.387962,164.820724,204.371063
1254,1459399409,38.121731,8.291618,-167.799332,-3.499686,-4.128383,0.814564,-67.889458,152.311356,198.217087
1255,1459416076,37.417149,8.187103,-163.776779,-2.625343,-4.506691,0.507395,-76.558914,138.895935,192.850769
1256,1459432743,36.592850,7.994650,-159.991638,-1.628015,-4.942688,0.024287,-81.122307,123.661125,186.704498
1257,1459449410,35.754581,7.710937,-156.442413,-0.743934,-5.186001,-0.452656,-79.100998,108.323616,180.529266
1258,1459466077,34.930473,7.360058,-153.112015,-0.077797,-5.418453,-0.350028,-75.370880,94.970955,173.963318
1259,1459482744,34.079292,6.941476,-150.014481,0.642320,-5.310806,-0.290382,-73.933899,81.312935,166.390671
1260,1459499411,33.250809,6.469646,-147.138031,1.417155,-5.034248,-0.398176,-69.599899,68.999977,158.547531
1261,1459516078,32.499924,5.956092,-144.497650,2.377023,-4.955936,-0.725197,-61.946339,57.154442,149.196716
1262,1459532745,31.868727,5.397931,-142.111069,3.364674,-4.804338,-1.076907,-51.797176,45.095314,138.629623
1263,1459549412,31.391689,4.764879,-140.051208,4.288624,-4.451437,-1.457484,-39.340813,29.753799,124.934792
1264,1459566079,31.146725,4.065544,-138.320236,4.742562,-3.829977,-1.933653,-22.476862,15.414714,110.487679
1265,1459582746,31.200775,3.281227,-136.966599,5.149644,-2.912814,-2.239793,-1.754845,-0.784836,93.909477
1266,1459599413,31.442299,2.405212,-135.983917,5.593892,-2.672928,-1.916711,11.763125,-16.766571,77.838356
1267,1459616080,31.667677,1.450377,-135.380249,5.917356,-2.889603,-1.039788,12.493649,-32.361748,61.034531
1268,1459632747,31.963753,0.507224,-135.111099,5.867224,-2.906809,-0.664841,17.667677,-42.062023,43.768101
1269,1459649414,32.439819,-0.308829,-135.112213,5.853518,-2.934147,-0.410954,28.735935,-43.959145,26.248165
1270,1459666081,33.113815,-0.913709,-135.367966,6.091250,-3.049303,0.065612,40.438316,-41.319641,6.962607
1271,1459682748,33.949909,-1.260358,-135.834290,6.297852,-3.183983,0.575410,49.788807,-35.294445,-11.609959
1272,1459699415,34.818047,-1.386020,-136.539551,6.670042,-3.208888,0.808249,51.256298,-32.620136,-30.429193
1273,1459716082,35.676807,-1.336109,-137.507248,6.335925,-3.083759,0.673166,50.284290,-33.559536,-48.899555
1274,1459732749,36.612446,-1.129528,-138.750732,5.782351,-3.136072,0.428400,54.661060,-36.508327,-67.318420
1275,1459749416,37.642750,-0.834204,-140.293427,5.339232,-3.401988,0.411919,60.352795,-44.258972,-84.252296
1276,1459766083,38.775181,-0.494023,-142.179810,4.665540,-3.814908,0.520955,66.746216,-56.487827,-101.315369
1277,1459782750,39.978146,-0.146099,-144.444550,3.985390,-4.338272,0.742848,71.522911,-72.602943,-118.040642
1278,1459799417,41.154896,0.158965,-147.094650,2.949718,-4.680116,1.002743,70.720062,-92.039665,-132.446884
1279,1459816084,42.253101,0.420353,-150.130066,1.944800,-4.993592,1.365523,66.902641,-111.990807,-146.151321
1280,1459832751,43.180038,0.649002,-153.591156,0.766319,-5.107302,1.762498,57.640594,-133.336472,-161.618774
1281,1459849418,43.912094,0.854916,-157.468140,-0.503175,-5.097725,2.052460,47.062313,-153.839508,-176.848114
1282,1459866085,44.457306,1.064122,-161.738464,-1.746541,-4.963556,2.094055,37.089188,-172.096024,-192.192322
1283,1459882752,44.766720,1.282936,-166.383759,-2.848630,-4.737003,2.145026,24.365925,-188.904205,-207.332657
1284,1459899419,44.778564,1.488165,-171.390594,-3.766142,-4.317667,2.097453,8.077727,-205.323196,-221.610046
1285,1459916086,44.466412,1.665957,-176.733643,-4.565999,-3.690245,1.967350,-9.785944,-220.063736,-235.317703
1286,1459932753,43.818607,1.820609,177.625320,-5.466110,-2.723021,1.898067,-28.429781,-231.505737,-248.966080
1287,1459949420,42.869572,1.943127,171.741852,-6.229857,-1.360589,1.776869,-45.187946,-239.365128,-261.369385
1288,1459966087,41.662540,2.023602,165.707626,-6.614024,0.660323,1.719761,-59.707371,-242.335007,-270.760498
1289,1459982754,40.245968,2.083775,159.709122,-6.428625,2.650222,1.238884,-71.894875,-235.569489,-273.746277
1290,1459999421,38.725533,2.120371,153.903442,-5.838816,3.414087,0.607560,-78.240334,-222.206894,-269.813690
1291,1460016088,37.059624,2.100405,148.353149,-5.476268,3.668302,0.394765,-87.474792,-207.874146,-261.646515
1292,1460032755,35.224415,2.004508,143.159424,-4.880238,5.059105,0.216575,-98.733978,-190.852875,-247.862045
1293,1460049422,33.469044,1.886659,138.499863,-3.389097,6.514316,-0.102391,-95.623222,-166.012726,-226.476929
1294,1460066089,32.032246,1.862347,134.497437,-1.441071,7.647502,-0.395267,-78.163483,-133.592316,-200.844986
1295,1460082756,31.171843,1.996594,131.209305,0.035630,7.176123,-1.120071,-44.803513,-98.973526,-171.924210
1296,1460099423,30.847229,2.284401,128.634811,0.083851,6.069913,-1.150038,-13.534488,-67.228737,-140.969635
1297,1460116090,30.856924,2.595973,126.731499,0.893834,6.296871,-0.681240,5.620406,-44.961227,-107.311531
1298,1460132757,31.154259,2.941948,125.528824,2.128437,7.496630,-0.219845,21.509174,-21.832293,-72.255722
1299,1460149424,31.881927,3.393275,125.094727,3.499048,8.580595,-0.264649,45.291744,7.002269,-36.111176
1300,1460166091,33.184498,3.995538,125.459854,3.963035,8.856752,-0.461816,76.945831,39.738419,-0.799445
1301,1460182758,34.927044,4.680290,126.496811,3.180731,8.160860,-0.261028,100.059486,66.300964,28.587719
1302,1460199425,36.674477,5.317884,128.099884,2.147158,7.355205,0.404305,96.683266,84.606056,55.535492
1303,1460216092,38.113434,5.832324,130.186096,1.341954,6.893679,1.167545,74.404297,97.712128,80.424942
1304,1460232759,39.218906,6.237838,132.711090,0.620405,6.677233,1.213671,50.635864,110.666054,102.632927
1305,1460249426,40.126583,6.579700,135.642532,-0.181689,6.179507,0.966532,35.068893,124.910744,121.629646
1306,1460266093,40.923534,6.883165,138.937454,-0.875291,5.670921,0.882474,24.893337,138.951706,137.593658
1307,1460282760,41.713524,7.177716,142.572540,-1.702392,5.113405,0.735347,20.956783,153.725204,151.093185
1308,1460299427,42.504799,7.466465,146.541611,-2.530208,4.431732,0.523117,17.380800,168.777756,163.800079
1309,1460316094,43.255814,7.724200,150.798691,-3.173321,3.702990,0.415833,11.559933,181.158096,175.191971
1310,1460332761,43.848202,7.946367,155.296661,-3.865683,2.848083,0.596749,-0.981198,191.410202,184.765244
1311,1460349428,44.189938,8.089593,159.919327,-4.211565,1.868452,0.586572,-17.906458,194.570801,191.716614
1312,1460366095,44.331043,8.161347,164.611160,-4.597934,1.200369,0.741084,-31.037739,195.122345,196.767410
1313,1460382762,44.337406,8.160804,169.319366,-4.785694,0.295972,0.651896,-39.429535,192.936707,200.220215
1314,1460399429,44.278717,8.107223,173.953476,-4.829110,-0.711775,0.648977,-42.568546,187.511597,199.397263
1315,1460416096,43.981358,7.974937,178.430389,-4.573427,-1.612449,0.752775,-55.117744,177.044357,196.618774
1316,1460432763,43.383751,7.742255,-177.326096,-4.033062,-1.643111,0.627392,-70.363602,161.652771,192.231400
1317,1460449430,42.516365,7.416986,-173.297745,-3.539235,-2.035537,0.450179,-83.616936,146.513596,188.857315
1318,1460466097,41.440464,7.010941,-169.475525,-3.030034,-2.338030,0.535110,-93.041817,131.614380,185.619461
1319,1460482764,40.146687,6.524527,-165.826904,-2.356485,-3.002292,0.815765,-103.115120,117.490372,183.843506
1320,1460499431,38.497566,5.944242,-162.365173,-1.563625,-3.979594,1.633139,-121.192024,101.462120,181.991104
1321,1460516098,36.411983,5.258128,-159.146729,-0.521926,-4.778135,1.529023,-143.673203,81.753174,177.801636
1322,1460532765,34.139538,4.535236,-156.121643,0.101993,-4.695570,0.738746,-151.538284,66.586845,172.906876
1323,1460549432,31.956081,3.874651,-153.245911,0.588726,-4.670160,0.352538,-143.367737,58.171047,166.064499
1324,1460566099,30.024317,3.329688,-150.535843,1.238968,-4.857926,0.204262,-125.844444,53.067692,156.157318
1325,1460582766,28.392061,2.896123,-148.036942,2.076411,-4.976729,0.004668,-105.813835,47.896404,143.585190
1326,1460599433,27.058722,2.571737,-145.803558,3.107366,-5.017241,-0.412661,-86.143379,42.576851,127.750374
1327,1460616100,25.960428,2.332937,-143.899323,4.158610,-5.005225,-0.615377,-70.551483,35.658829,108.745850
1328,1460632767,25.091019,2.163221,-142.375290,4.843293,-4.892543,-0.779371,-55.530437,27.711502,87.053963
1329,1460649434,24.494253,2.052009,-141.220749,5.502832,-4.625041,-1.269865,-38.145470,20.494110,65.851395
1330,1460666101,24.209486,1.983408,-140.448578,6.076083,-4.331714,-1.695150,-18.521906,12.861265,44.084602
1331,1460682768,24.180923,1.917692,-140.083694,6.511258,-4.020123,-1.905911,-2.276294,2.881735,21.780775
1332,1460699435,24.354982,1.833000,-140.138733,6.450678,-3.873386,-1.974069,10.723280,-8.482238,-0.702301
1333,1460716102,24.721273,1.746878,-140.578323,6.195518,-3.618576,-2.011303,22.961294,-18.149332,-21.623686
1334,1460732769,25.230389,1.675624,-141.375748,6.064945,-3.453045,-1.862057,32.124363,-26.574200,-41.329037
1335,1460749436,25.853960,1.610254,-142.524582,5.943839,-3.501910,-1.635000,39.528423,-35.755352,-60.244877
1336,1460766103,26.571489,1.536368,-144.008102,5.589448,-3.747388,-1.320260,45.622692,-45.794693,-77.641418
1337,1460782770,27.380611,1.451444,-145.809082,4.996226,-3.805584,-0.906003,51.481171,-56.065460,-93.730583
1338,1460799437,28.280031,1.367212,-147.900467,4.364908,-3.592396,-0.370417,57.158257,-65.562073,-108.342880
1339,1460816104,29.266972,1.307480,-150.267426,3.751588,-3.349124,0.248320,62.628613,-74.015747,-122.483147
1340,1460832771,30.306854,1.289804,-152.886169,3.074248,-3.463464,1.062910,66.045479,-81.502762,-135.567017
1341,1460849438,31.365984,1.328075,-155.769669,2.393170,-3.971760,1.851218,67.585144,-89.240692,-149.455307
1342,1460866105,32.407940,1.444193,-159.003860,1.542769,-4.689640,2.420028,67.288277,-99.112900,-168.146957
1343,1460882772,33.347717,1.618635,-162.585083,0.052273,-4.610242,2.647528,62.200977,-110.367218,-185.811432
1344,1460899439,34.242435,1.883830,-166.485992,-0.964609,-4.297466,2.795824,60.904011,-119.472565,-203.009598
1345,1460916106,34.967281,2.203360,-170.733032,-1.759503,-4.035416,2.890391,52.645966,-131.421585,-220.226318
1346,1460932773,35.329597,2.483052,-175.309601,-2.564723,-3.828975,2.604656,33.042152,-146.804474,-233.733795
1347,1460949440,35.228493,2.677172,179.803772,-3.540525,-3.460621,2.427359,7.225111,-162.235397,-245.565628
1348,1460966107,34.698620,2.772259,174.622635,-4.598248,-2.846781,2.218548,-16.901623,-175.842712,-257.474792
1349,1460982774,33.829788,2.766284,169.202789,-5.533753,-2.016900,1.877479,-36.285088,-185.744995,-267.970551
1350,1460999441,32.688679,2.663070,163.611832,-6.097231,-0.661369,1.641181,-52.427898,-191.520859,-276.538666
1351,1461016108,31.300144,2.474078,157.993790,-6.087771,0.884448,1.064630,-68.038551,-190.601151,-279.326263
1352,1461032775,29.759373,2.207275,152.489365,-5.703118,1.814975,0.374874,-78.780350,-183.984009,-275.856445
1353,1461049442,28.128296,1.851539,147.136658,-5.492426,2.243966,0.114990,-86.308510,-176.568344,-270.303711
1354,1461066109,26.479490,1.422153,141.940475,-5.151785,3.279441,0.304914,-89.838020,-168.407013,-264.867584
1355,1461082776,24.890553,0.998983,137.024353,-3.846002,5.351221,0.361794,-88.924850,-153.249557,-254.521103
1356,1461099443,23.496134,0.651076,132.571732,-2.206091,6.182610,-0.163406,-79.647774,-131.063934,-234.881958
1357,1461116110,22.323400,0.373070,128.657166,-1.203218,6.063256,-0.501450,-68.100616,-109.336006,-209.608856
1358,1461132777,21.261000,0.132899,125.282570,-0.254748,6.473834,-0.101079,-62.687511,-91.080444,-182.412994
1359,1461149444,20.326859,-0.026148,122.498955,1.006788,7.133011,0.209516,-55.727669,-70.742630,-152.516205
1360,1461166111,19.633062,-0.055267,120.378548,2.021550,7.426058,0.409325,-41.550945,-47.632950,-118.737579
1361,1461182778,19.231243,0.080883,118.976540,2.616365,7.528981,0.533698,-23.914366,-22.792957,-81.825356
1362,1461199445,19.130022,0.393215,118.335800,2.998086,7.560265,0.415241,-5.727151,2.566249,-42.253082
1363,1461216112,19.272188,0.862072,118.458595,2.843608,7.434798,0.333388,8.649117,26.502945,-2.077836
1364,1461232779,19.607841,1.448856,119.310440,2.512733,7.308774,0.259568,19.318989,47.733452,36.681900
1365,1461249446,20.087347,2.121740,120.829582,1.889409,7.143446,0.190530,26.152351,66.437500,72.187454
1366,1461266113,20.676987,2.835584,122.926262,1.095925,6.944715,0.087226,30.168642,81.466507,103.110863
1367,1461282780,21.347914,3.550445,125.530914,0.198637,6.614905,-0.150031,31.789989,93.540245,130.479462
1368,1461299447,22.083179,4.226475,128.580505,-0.595822,6.233763,-0.451576,31.953947,102.783157,154.787201
1369,1461316114,22.844429,4.821257,132.021454,-1.324199,5.772542,-0.601897,29.644623,109.184959,176.757690
1370,1461332781,23.559389,5.297012,135.786041,-2.009019,5.146670,-0.603653,23.243374,112.451523,195.742844
1371,1461349448,24.161230,5.617774,139.795578,-2.548384,4.566320,-0.496930,13.505742,112.051086,211.410431
1372,1461366115,24.680235,5.789834,144.001556,-3.061930,3.946533,-0.249754,6.343870,110.802071,224.556900
1373,1461382782,25.123602,5.815363,148.353943,-3.602220,3.129787,0.068100,0.495294,108.376411,235.182236
1374,1461399449,25.466942,5.697913,152.843704,-3.948946,2.617035,0.246389,-6.114806,105.755470,245.517822
1375,1461416116,25.724955,5.470872,157.446457,-4.262105,1.752337,0.450274,-11.077327,104.059570,253.939224
1376,1461432783,25.889187,5.157280,162.122513,-4.477408,0.912089,0.738235,-15.805857,102.285500,259.854584
1377,1461449450,25.951809,4.803809,166.831955,-4.686539,-0.142606,1.421045,-20.439991,101.586380,262.629089
1378,1461466117,25.923443,4.469615,171.567169,-4.775414,-1.142553,2.019848,-24.328106,103.435974,263.600830
1379,1461482784,25.759298,4.201005,176.301025,-4.458867,-2.285030,2.335521,-30.971601,106.551979,262.099213
1380,1461499451,25.424656,4.033356,-179.005447,-4.042666,-3.141214,2.386105,-39.943893,109.858437,257.846954
1381,1461516118,24.889374,3.977012,-174.393738,-3.277061,-3.920047,2.279394,-51.084911,111.878609,251.466476
1382,1461532785,24.182634,4.026913,-169.902557,-2.441385,-4.418333,1.849055,-60.850887,111.945610,243.485214
1383,1461549452,23.424713,4.182117,-165.574768,-1.553965,-4.793316,1.322178,-63.704575,110.638374,233.393417
1384,1461566119,22.741926,4.434660,-161.447800,-0.599064,-5.166474,0.875124,-59.223965,108.329536,221.406158
1385,1461582786,22.189930,4.766107,-157.554062,0.293999,-5.373312,0.574886,-51.525169,104.943184,207.800232
1386,1461599453,21.789909,5.165277,-153.919617,1.202341,-5.461430,0.193483,-42.558945,101.127731,192.682846
1387,1461616120,21.523561,5.602661,-150.566711,2.112789,-5.386214,-0.280121,-34.553387,95.874916,176.667984
1388,1461632787,21.405123,6.047730,-147.537262,2.978845,-5.294673,-0.774800,-25.264658,88.586205,158.718109
1389,1461649454,21.381470,6.459180,-144.883270,3.961573,-5.175586,-1.051720,-18.491072,78.286102,138.587830
1390,1461666121,21.418821,6.805478,-142.668472,4.983644,-4.834239,-1.327507,-12.850056,65.066422,115.526398
1391,1461682788,21.525358,7.065519,-140.960785,5.890895,-4.583079,-1.443779,-5.740157,49.304001,89.154823
1392,1461699455,21.683952,7.212356,-139.812241,6.430038,-4.267895,-1.559369,1.172562,30.908993,60.536888
1393,1461716122,21.922955,7.248456,-139.224670,6.826634,-3.968396,-1.861866,10.103354,12.535572,31.875261
1394,1461732789,22.208252,7.182910,-139.195038,6.873347,-3.983689,-1.740705,17.076218,-5.457688,3.314524
1395,1461749456,22.504114,7.026528,-139.680557,6.496292,-3.924963,-1.560310,21.515503,-22.161654,-22.959597
1396,1461766123,22.851349,6.846611,-140.612976,5.956126,-3.850936,-1.224557,27.731546,-33.866825,-46.866249
1397,1461782790,23.298222,6.693344,-141.902252,5.540996,-3.706576,-1.100919,36.050915,-41.075035,-66.855644
1398,1461799457,23.850899,6.569215,-143.483261,5.041162,-3.721737,-1.067095,44.216156,-47.033897,-83.178658
1399,1461816124,24.501322,6.472088,-145.311157,4.573326,-4.035307,-0.724516,51.563011,-52.471573,-96.807365
1400,1461832791,25.221336,6.378004,-147.400681,3.895676,-4.010165,-0.285818,57.296150,-60.042881,-110.444183
1401,1461849458,26.061331,6.316334,-149.738876,3.263175,-3.893158,0.048530,65.957619,-66.225006,-123.879349
1402,1461866125,27.009727,6.260693,-152.326981,2.735164,-4.041662,0.247798,73.946587,-74.507759,-136.374451
1403,1461882792,28.000055,6.171943,-155.199493,2.182452,-4.319693,0.355275,78.100662,-86.422501,-149.278458
1404,1461899459,28.983372,6.062400,-158.440857,1.498108,-4.494165,0.736302,79.727303,-100.605774,-166.583771
1405,1461916126,29.842951,5.941319,-162.122299,0.401634,-4.176744,1.053268,74.664833,-116.803146,-187.547333
1406,1461932793,30.597424,5.804390,-166.150284,-0.616746,-3.952567,1.437189,69.983505,-130.706146,-203.354980
1407,1461949460,31.254120,5.651777,-170.542206,-1.724692,-4.088544,1.953584,65.683289,-145.219269,-219.964645
1408,1461966127,31.697098,5.449130,-175.288361,-2.922762,-4.002633,2.111507,54.104427,-160.977020,-235.123230
1409,1461982794,31.821712,5.189499,179.675644,-3.880736,-3.518453,1.862312,35.479733,-174.222046,-247.353531
1410,1461999461,31.522997,4.857455,174.379852,-4.770843,-2.686317,1.801850,9.907586,-185.765823,-258.650482
1411,1462016128,30.800625,4.457768,168.910339,-5.537936,-1.089216,1.894711,-16.667690,-192.389954,-267.206268
1412,1462032795,29.751287,4.015870,163.422684,-5.795163,0.378380,1.853788,-38.584538,-191.069458,-269.943329
1413,1462049462,28.521576,3.555469,158.026184,-5.745543,1.126000,1.476183,-52.340973,-184.050095,-268.481476
1414,1462066129,27.297171,3.090705,152.753235,-5.809813,1.644683,1.155682,-55.057850,-175.090485,-265.778046
1415,1462082796,26.212915,2.644023,147.631119,-5.465424,2.678830,0.792967,-49.614841,-164.722214,-261.747620
1416,1462099463,25.333668,2.268011,142.741959,-4.497530,4.368620,0.487896,-40.122383,-150.358780,-253.838684
1417,1462116130,24.694702,2.006908,138.226044,-3.237833,5.447347,0.145377,-28.171646,-131.295731,-238.465164
1418,1462132797,24.232527,1.840078,134.186020,-2.101295,5.718210,0.127205,-19.528500,-112.038979,-216.098282
1419,1462149464,23.850868,1.744287,130.688324,-0.867463,5.992670,0.214240,-16.261324,-93.298820,-188.946045
1420,1462166131,23.629478,1.772843,127.790504,0.363036,6.738507,0.464035,-7.861462,-70.977547,-159.508026
1421,1462182798,23.694086,1.970457,125.568031,1.661388,7.383876,0.433306,8.331415,-45.199368,-126.579391
1422,1462199465,24.143509,2.364259,124.086304,2.822510,7.895919,0.451065,30.448471,-16.974689,-90.539825
1423,1462216132,24.956146,2.976958,123.426453,3.569849,8.498295,0.632891,50.747467,14.468821,-51.011425
1424,1462232799,25.957430,3.814588,123.719795,3.341629,8.286222,0.941688,59.205692,50.417122,-5.509026
1425,1462249466,26.998264,4.741969,124.851173,2.901027,7.856850,0.809294,57.581123,77.492386,36.001202
1426,1462266133,28.192732,5.726800,126.754608,2.609279,7.967182,0.608394,61.463097,102.572754,73.642570
1427,1462282800,29.654011,6.799899,129.378448,1.664458,7.981465,0.682034,70.734016,129.575867,106.035759
1428,1462299467,31.333401,7.920665,132.669601,0.559875,7.653592,0.642951,75.710114,154.871292,134.830948
1429,1462316134,33.110062,9.047584,136.539124,-0.800691,7.085875,0.577504,72.602829,177.192108,158.410828
1430,1462332801,34.618797,10.087309,140.892334,-2.249395,6.194633,0.550511,47.388634,192.884949,179.296768
1431,1462349468,35.624218,10.963618,145.616669,-3.125602,5.381361,0.243936,8.849513,200.918915,197.887405
1432,1462366135,36.234123,11.677094,150.625107,-3.735865,4.723652,-0.044378,-22.054962,205.156219,213.657425
1433,1462382802,36.669792,12.281724,155.857574,-4.495259,3.940296,-0.002387,-38.664059,209.249619,225.647110
1434,1462399469,37.083973,12.804567,161.244553,-5.191617,2.620926,0.117028,-44.969028,212.038239,233.730530
1435,1462416136,37.482742,13.226452,166.716537,-5.767590,1.609429,0.103688,-49.628513,211.532257,239.352646
1436,1462432803,37.860996,13.550484,172.212540,-6.064322,0.550960,0.088618,-53.260746,209.071533,242.210098
1437,1462449470,38.145134,13.773805,177.638062,-6.297536,-0.814812,0.411000,-59.427494,202.966232,241.182800
1438,1462466137,38.247070,13.902348,-177.135727,-6.077171,-2.104321,0.723181,-68.453468,191.987045,234.688110
1439,1462482804,38.145561,13.948904,-172.209854,-5.274167,-3.113112,0.895125,-76.778687,177.241806,223.884262
1440,1462499471,37.807915,13.928064,-167.656158,-4.354769,-3.905231,1.165484,-85.624954,159.858154,209.967133
1441,1462516138,37.165287,13.830643,-163.483337,-3.398586,-4.451486,1.198306,-98.165443,140.951035,196.595337
1442,1462532805,36.160774,13.616725,-159.721161,-1.896210,-5.026423,0.615417,-113.371048,118.317253,183.738937
1443,1462549472,34.966766,13.274998,-156.345932,-0.743159,-5.049325,-0.065473,-118.290611,95.550766,172.320709
1444,1462566139,33.769604,12.842887,-153.281067,0.030793,-5.032049,-0.187937,-112.954079,77.397270,162.682495
1445,1462582806,32.658092,12.361519,-150.458771,0.849587,-5.128984,-0.063946,-103.223793,64.021568,154.252060
1446,1462599473,31.692255,11.866507,-147.844452,1.876949,-5.304203,0.163306,-90.473351,54.190578,145.808182
1447,1462616140,30.862654,11.390109,-145.441391,3.098477,-5.386515,0.294739,-78.464996,46.546917,135.719421
1448,1462632807,30.149694,10.955172,-143.305313,4.396491,-5.242962,-0.038662,-67.262917,38.987793,121.758369
1449,1462649474,29.537447,10.573649,-141.544662,5.503648,-5.149014,-0.302011,-56.144772,29.421778,101.586937
1450,1462666141,29.015543,10.244897,-140.213043,6.217516,-4.835091,-0.726719,-45.458752,18.842928,78.374649
1451,1462682808,28.652784,9.985381,-139.316635,6.741284,-4.214897,-1.023141,-30.951088,9.490298,54.069679
1452,1462699475,28.457890,9.793147,-138.894318,7.071034,-3.742438,-1.098157,-15.820033,-0.612222,27.624975
1453,1462716142,28.370180,9.623622,-138.918762,7.258325,-3.355857,-1.216692,-4.820877,-12.069468,3.750361
1454,1462732809,28.347252,9.460626,-139.325302,6.979484,-3.016815,-1.155586,2.828745,-22.483824,-16.327080
1455,1462749476,28.356709,9.301282,-140.088013,6.521721,-2.506350,-1.249739,8.157142,-32.331017,-34.998333
1456,1462766143,28.494034,9.169057,-141.151199,5.781882,-2.068687,-1.251839,18.583138,-39.450157,-51.404781
1457,1462782810,28.870049,9.109545,-142.449966,5.167931,-2.044321,-1.137074,35.018635,-42.576195,-65.578133
1458,1462799477,29.437054,9.147527,-143.941650,4.598059,-2.341449,-0.429277,48.279232,-43.593491,-78.074448
1459,1462816144,30.108120,9.266623,-145.620087,4.031591,-2.767106,0.188365,56.415413,-45.715061,-89.621750
1460,1462832811,30.816875,9.410130,-147.482391,3.480420,-3.146362,0.488708,60.676247,-51.048904,-99.185616
1461,1462849478,31.517550,9.540217,-149.570877,2.963989,-3.688399,0.822708,62.667343,-59.879211,-109.574974
1462,1462866145,32.204548,9.657561,-151.951767,2.245014,-4.384775,1.324150,65.019989,-70.975128,-123.120361
1463,1462882812,32.847782,9.782862,-154.709335,1.618089,-5.008403,1.825933,66.488739,-83.957695,-141.300156
1464,1462899479,33.373821,9.953503,-157.907196,0.211038,-5.051722,1.767809,64.382668,-97.309662,-163.686798
1465,1462916146,33.947685,10.153098,-161.421921,-0.810080,-4.300064,1.515352,71.161713,-107.764549,-179.227966
1466,1462932813,34.533638,10.387760,-165.283676,-1.385864,-3.769486,1.423053,76.373360,-119.295784,-196.152832
1467,1462949480,34.979969,10.606148,-169.494385,-1.963223,-3.319501,1.106080,72.702614,-133.514389,-211.301819
1468,1462966147,35.167850,10.745300,-174.009186,-2.627060,-3.115794,0.952128,61.355999,-148.798630,-222.395065
1469,1462982814,35.017403,10.759536,-178.806259,-3.382081,-2.711760,1.009459,44.577816,-164.537903,-231.594284
1470,1462999481,34.549690,10.652434,176.137085,-4.094479,-2.021322,1.019823,28.219675,-178.023331,-240.914139
1471,1463016148,33.873547,10.434917,170.861649,-4.655447,-1.270836,0.710118,17.286060,-188.440247,-249.736526
1472,1463032815,33.131844,10.121643,165.421967,-5.162301,-0.501482,0.293654,13.675327,-195.612854,-257.138458
1473,1463049482,32.335499,9.714420,159.874435,-5.638270,0.486759,0.505125,9.499619,-200.514404,-262.308655
1474,1463066149,31.441290,9.202377,154.335892,-5.579289,1.921663,0.453058,0.920894,-201.912750,-261.826477
1475,1463082816,30.394373,8.583901,148.946930,-5.080646,2.887160,0.344783,-12.849591,-198.628632,-254.716965
1476,1463099483,29.256958,7.882411,143.812103,-4.333766,3.621042,-0.098979,-24.134401,-190.815445,-243.319366
1477,1463116150,28.178432,7.142603,139.018341,-3.379535,4.562408,-0.314441,-27.108761,-178.587173,-228.489304
1478,1463132817,27.204348,6.446878,134.674255,-2.374807,5.457406,-0.015814,-27.603090,-159.870834,-209.502396
1479,1463149484,26.330320,5.840134,130.891678,-0.948979,6.299254,0.162243,-28.136955,-136.753448,-184.801132
1480,1463166151,25.598667,5.345074,127.786682,0.421924,6.790483,0.351908,-25.713173,-110.491539,-153.432617
1481,1463182818,25.037569,4.998037,125.472801,1.767531,7.395779,0.578125,-21.101765,-80.541985,-115.819069
1482,1463199485,24.735575,4.835268,124.013481,2.676124,7.675654,0.845297,-10.535479,-48.140606,-74.781273
1483,1463216152,24.725651,4.870026,123.418938,2.910530,7.685077,1.200052,2.534164,-15.519193,-32.911835
1484,1463232819,25.048422,5.099178,123.708321,3.084852,7.670900,0.940909,18.003063,17.234541,10.135592
1485,1463249486,25.716341,5.504422,124.827843,2.592302,7.429644,0.705973,34.047943,48.145752,50.218838
1486,1463266153,26.633480,6.035071,126.660614,1.658864,6.992741,0.728203,44.184986,74.366859,84.336540
1487,1463282820,27.701155,6.630046,129.091690,0.677501,6.561359,0.741938,48.206234,95.515587,112.874458
1488,1463299487,28.846375,7.238073,132.035156,-0.195488,6.268944,0.676042,47.649136,112.757240,137.304260
1489,1463316154,30.018753,7.804484,135.439972,-0.887406,5.922203,0.387156,43.880550,126.720940,159.865463
1490,1463332821,31.133154,8.289312,139.265091,-1.776047,5.468454,0.288755,35.037636,138.261887,181.015686
1491,1463349488,32.102379,8.650601,143.439377,-2.608907,4.696383,0.262217,21.587828,145.967407,199.737457
1492,1463366155,32.944679,8.886327,147.901443,-3.381820,4.124453,0.160522,10.073239,151.840134,215.637146
1493,1463382822,33.743279,9.008332,152.598251,-3.865938,3.345748,-0.140315,4.455263,156.802872,228.660538
1494,1463399489,34.510086,9.018848,157.434967,-4.003598,2.550625,-0.324186,0.929041,159.012772,237.035568
1495,1463416156,35.148308,8.908969,162.345245,-4.098412,2.031392,-0.077427,-7.199150,158.499344,242.763580
1496,1463432823,35.561565,8.653355,167.272217,-4.074522,1.367685,0.169939,-19.895515,154.259521,247.270691
1497,1463449490,35.727566,8.267832,172.199646,-4.099487,0.417303,0.334530,-33.071751,149.333374,251.223999
1498,1463466157,35.604164,7.757030,177.051407,-4.022476,-0.628848,0.420979,-47.487942,140.902725,252.182861
1499,1463482824,35.227974,7.171549,-178.213516,-3.863149,-1.295796,0.546688,-58.966759,132.340851,250.039490
1500,1463499491,34.678318,6.596765,-173.626495,-3.659950,-2.085212,0.978135,-65.442322,125.999947,243.829758
1501,1463516158,33.983181,6.066394,-169.226944,-3.261642,-3.080235,1.476880,-70.286652,119.408417,234.729950
1502,1463532825,33.133427,5.594306,-165.044754,-2.724414,-3.604702,1.552660,-75.940781,112.109726,223.812515
1503,1463549492,32.202984,5.188583,-161.077240,-1.941734,-4.091967,1.387531,-77.665565,105.146164,212.786575
1504,1463566159,31.219528,4.830959,-157.340897,-1.059687,-4.474881,1.340035,-78.064735,96.843109,201.406418
1505,1463582826,30.291832,4.522107,-153.849396,-0.185991,-4.733153,1.119273,-72.237358,88.554939,189.056595
1506,1463599493,29.583599,4.291417,-150.603592,0.730380,-4.939081,0.781574,-56.974136,82.605614,175.320374
1507,1463616160,29.138390,4.142726,-147.616226,1.813571,-5.138565,0.381346,-39.436600,77.560081,160.327225
1508,1463632827,28.885687,4.037419,-144.926117,2.949021,-5.249977,-0.137864,-26.245287,70.235596,144.013840
1509,1463649494,28.767838,3.936944,-142.582718,3.936139,-5.260531,-0.690306,-16.450928,60.016914,125.952461
1510,1463666161,28.729614,3.822220,-140.626678,4.711983,-5.247375,-1.069550,-9.873531,47.943375,106.132675
1511,1463682828,28.717783,3.688520,-139.103638,5.348707,-5.217126,-1.105330,-6.373932,34.438362,83.995102
1512,1463699495,28.722694,3.548625,-138.047241,5.796223,-4.865659,-1.312101,-3.427386,20.667171,59.670864
1513,1463716162,28.773111,3.385532,-137.464966,6.117011,-4.412888,-1.448050,1.144874,5.813680,35.449688
1514,1463732829,28.878796,3.180007,-137.340332,6.242628,-3.994280,-1.569030,6.101585,-9.596523,12.664947
1515,1463749496,29.104570,2.945022,-137.645874,6.173567,-3.631884,-1.579579,14.670044,-23.622715,-9.002955
1516,1463766163,29.495045,2.701377,-138.342102,5.874748,-3.178603,-1.573664,25.587509,-35.601116,-29.054111
1517,1463782830,30.091108,2.468414,-139.368484,5.466335,-2.685703,-1.625352,38.600868,-45.149944,-46.250942
1518,1463799497,30.933517,2.249233,-140.671249,5.075068,-2.530929,-1.503575,53.786705,-53.459652,-60.410824
1519,1463816164,31.947466,2.048259,-142.219711,4.609685,-2.688984,-0.891394,64.310692,-61.219730,-72.722160
1520,1463832831,33.099834,1.879776,-144.005478,4.060257,-2.957918,-0.073274,72.773003,-68.616905,-84.642036
1521,1463849498,34.401001,1.751188,-146.017609,3.525696,-3.293397,0.486004,81.821609,-75.997177,-95.821609
1522,1463866165,35.859085,1.682072,-148.276733,2.872945,-3.564967,0.990877,91.443001,-83.914963,-108.185120
1523,1463882832,37.536057,1.712414,-150.827087,2.415783,-3.778356,1.312316,105.016548,-92.526405,-123.481255
1524,1463899499,39.505821,1.919196,-153.733810,1.292681,-3.786504,1.452882,123.543968,-101.458000,-143.849533
1525,1463916166,42.039402,2.377216,-156.880615,0.204045,-3.027064,1.496989,158.889786,-105.027542,-160.566513
1526,1463932833,45.172260,3.099730,-160.240692,-0.129761,-2.722407,1.800602,197.372910,-110.136368,-175.442749
1527,1463949500,48.687679,3.995935,-163.769165,-0.499529,-2.681281,1.906406,223.771744,-120.302895,-183.292297
1528,1463966167,52.382717,4.989675,-167.455688,-1.010150,-2.653924,1.853919,238.758057,-135.029800,-185.894531
1529,1463982834,56.206593,6.048165,-171.308670,-1.741838,-2.143581,1.882948,251.380478,-152.487411,-185.545959
1530,1463999501,60.118862,7.161009,-175.289276,-2.408034,-1.271449,1.547375,261.915619,-169.046188,-181.539108
1531,1464016168,64.053856,8.300847,-179.356186,-2.718814,-0.835340,1.317153,268.635773,-184.365845,-173.274155
1532,1464032835,67.999016,9.415734,176.504868,-3.052825,-0.865571,0.978327,274.669037,-199.743591,-160.447784
1533,1464049502,71.832542,10.457301,172.322922,-3.649078,-0.118304,1.349339,273.038330,-213.373795,-143.171951
1534,1464066169,75.088684,11.380495,168.160645,-3.884973,2.054240,2.296615,242.430786,-221.986176,-122.491287
1535,1464082836,77.330193,12.160645,164.087189,-3.411057,2.959165,2.039567,184.162262,-223.869308,-102.072426
1536,1464099503,78.652695,12.794072,160.144852,-3.123149,2.543575,0.888833,130.318344,-220.615036,-84.801407
1537,1464116170,79.308029,13.323068,156.438812,-2.993438,3.743611,0.822805,89.465431,-209.157150,-72.140205
1538,1464132837,79.207314,13.784527,153.154434,-2.285651,5.664968,1.390644,40.085716,-185.655365,-62.506485
1539,1464149504,78.340408,14.197166,150.434158,-1.354866,6.126906,0.775077,-12.566794,-153.118179,-54.740124
1540,1464166171,77.130142,14.598052,148.348221,-1.001308,5.545313,-0.640113,-41.472973,-115.927353,-48.903397
1541,1464182838,76.282990,15.038463,146.991318,-0.734348,5.420930,-1.917657,-29.960421,-73.090134,-43.487823
1542,1464199505,76.119408,15.526857,146.419189,-0.111489,6.175400,-1.656600,-0.692508,-27.720327,-36.053753
1543,1464216172,76.482414,16.021193,146.564056,0.251061,6.900539,-1.001771,19.521603,12.612356,-26.559727
1544,1464232839,77.123795,16.495863,147.280304,0.068997,6.945757,-0.732778,26.590967,44.147137,-18.059805
1545,1464249506,77.970528,16.953751,148.415619,-0.611012,6.552260,-0.832994,31.381390,67.119873,-12.539216
1546,1464266173,79.000076,17.371046,149.900085,-1.021978,6.657962,-0.468073,35.696014,85.898499,-7.354196
1547,1464282840,80.016800,17.743626,151.700211,-1.197416,6.956111,0.484456,28.665485,102.842964,-3.069626
1548,1464299507,80.841576,18.078463,153.788971,-1.267764,7.042608,0.739689,11.223103,118.468033,0.147620
1549,1464316174,81.547668,18.380384,156.186356,-1.494604,6.425245,0.291070,-2.312784,135.334778,3.113124
1550,1464332841,82.337463,18.665907,158.912842,-1.724268,5.438244,-0.191086,-4.229150,153.552612,4.858475
1551,1464349508,83.375198,18.932014,162.029526,-2.113976,4.731054,-0.475023,2.387151,175.205093,6.232469
1552,1464366175,84.663651,19.153706,165.505966,-2.397127,4.245016,-0.026562,9.656871,195.068039,7.359871
1553,1464382842,86.021271,19.317785,169.274200,-2.844001,3.806098,0.179947,7.402589,211.156921,7.555022
1554,1464399509,87.446861,19.422182,173.276581,-3.063975,2.800079,-0.240298,6.346448,224.144470,6.676232
1555,1464416176,89.118073,19.467337,177.530914,-3.264466,1.813563,-0.650154,15.774273,238.276596,4.522556
1556,1464432843,91.151085,19.458311,-177.978516,-3.358878,0.674553,-0.437263,32.686527,251.641541,-0.042245
1557,1464449510,93.453758,19.371796,-173.309952,-3.456591,0.201981,0.132528,45.534332,261.793732,-5.416245
1558,1464466177,95.763580,19.247871,-168.628265,-3.370632,-0.201760,0.734956,46.201046,262.450043,-13.878445
1559,1464482844,97.978714,19.033051,-163.931519,-2.955865,-1.286122,0.586356,41.020821,263.467865,-19.043564
1560,1464499511,99.937149,18.808777,-159.331802,-2.468515,-2.459808,0.755256,28.549950,257.582916,-27.342157
1561,1464516178,101.731827,18.584505,-154.799927,-2.008265,-2.978661,0.773763,21.053083,253.102036,-35.172508
1562,1464532845,103.297417,18.376152,-150.300140,-1.989936,-2.522777,0.774515,8.893058,250.291000,-43.249477
1563,1464549512,104.575050,18.169670,-145.854477,-2.187809,-2.597611,0.040637,-6.429707,246.400146,-48.935276
1564,1464566179,105.592812,17.981358,-141.512207,-1.963043,-2.730412,-0.203307,-19.211033,239.675934,-53.494919
1565,1464582846,106.247429,17.825745,-137.374039,-1.714257,-2.818822,-0.194034,-36.486069,227.363113,-55.773560
1566,1464599513,106.474670,17.780956,-133.536743,-0.972890,-3.477463,0.042709,-56.186565,208.690445,-59.107277
1567,1464616180,106.390549,17.743948,-130.060562,0.103622,-4.322826,0.049366,-68.104637,188.741806,-53.994091
1568,1464632847,105.983772,17.741373,-127.061836,1.063644,-4.468204,0.407605,-78.684387,162.217285,-47.558399
1569,1464649514,105.221298,17.724249,-124.647652,2.217142,-4.370527,0.024767,-89.333687,130.758041,-36.048943
1570,1464666181,104.213860,17.638824,-122.857086,3.120121,-4.137392,-0.353965,-92.573036,97.881790,-20.974566
1571,1464682848,103.005302,17.441420,-121.717262,3.587748,-3.598010,-0.411793,-92.656158,63.746136,-3.756033
1572,1464699515,101.661774,17.111309,-121.162575,3.794531,-3.013917,-0.270706,-90.065414,32.841728,12.643708
1573,1464716182,100.422073,16.683998,-121.010574,4.577953,-2.788375,-0.554480,-76.640404,11.022916,23.578115
1574,1464732849,99.529877,16.219294,-121.070091,5.250143,-2.778667,-0.460330,-52.164215,-1.003761,28.149458
1575,1464749516,98.853813,15.776699,-121.285515,5.500421,-2.758029,0.342901,-36.689838,-10.504248,28.305439
1576,1464766183,98.172318,15.419917,-121.676445,5.405084,-2.392035,0.712507,-34.315491,-21.662357,24.632771
1577,1464782850,97.386017,15.190360,-122.227646,5.319560,-2.010454,0.575597,-38.221531,-32.242508,18.096497
1578,1464799517,96.518898,15.109411,-122.929565,5.266067,-1.821198,0.342021,-40.833309,-42.279076,9.890115
1579,1464816184,95.628342,15.174138,-123.768913,5.225729,-1.724887,0.404928,-40.131889,-51.276176,1.446198
1580,1464832851,94.794136,15.365199,-124.756920,5.299715,-1.793289,0.245391,-34.329685,-60.531590,-6.038604
1581,1464849518,94.138550,15.661378,-125.900253,5.476148,-2.001627,-0.128819,-20.915836,-69.833076,-12.366357
1582,1464866185,93.635567,16.046644,-127.234169,5.285858,-2.266240,-0.256676,-8.278354,-80.950409,-17.617537
1583,1464882852,93.231255,16.464212,-128.788818,4.675851,-2.646425,-0.378716,1.847049,-93.463181,-19.398283
1584,1464899519,92.896324,16.867798,-130.598526,3.963759,-3.241117,-0.295278,11.005740,-107.759613,-18.354162
1585,1464916186,92.569244,17.226233,-132.722443,2.911554,-3.818632,0.060280,17.660397,-125.334175,-15.391168
1586,1464932853,92.220337,17.508921,-135.177673,1.830643,-4.317467,0.273949,22.935211,-143.801407,-10.779954
1587,1464949520,91.932358,17.717813,-137.932678,1.011389,-4.639140,0.151771,32.607574,-160.530548,-6.520202
1588,1464966187,91.802559,17.892878,-140.998581,0.284045,-4.911576,-0.128943,48.301628,-178.035355,-4.489907
1589,1464982854,91.928391,18.009235,-144.300934,-0.566271,-5.222443,-0.471924,68.430023,-191.272583,-0.538188
1590,1464999521,92.205833,18.101870,-147.900238,-1.636706,-5.153856,0.067594,83.359123,-208.054031,2.157926
1591,1465016188,92.371605,18.121599,-151.833755,-2.721275,-4.680178,0.192271,83.071907,-226.843399,8.079665
1592,1465032855,92.194588,18.103813,-156.171906,-3.634274,-3.808732,0.445330,70.049812,-249.818512,11.227134
1593,1465049522,91.705177,18.057310,-160.871368,-4.076721,-3.138041,0.134882,57.888519,-270.442200,12.213340
1594,1465066189,91.128014,18.001675,-165.856400,-4.386458,-2.841153,-0.178417,57.685741,-286.892609,10.676329
1595,1465082856,90.657997,17.930460,-171.044647,-4.730490,-2.679213,-0.314197,67.552841,-298.666870,9.200250
1596,1465099523,90.267075,17.821354,-176.401367,-5.260112,-1.756886,-0.178939,74.924072,-308.488647,9.333827
1597,1465116190,89.718018,17.658752,178.090347,-5.599674,0.319837,0.240039,67.482834,-317.429260,10.037819
1598,1465132857,88.852661,17.480555,172.525894,-5.397109,2.722816,0.562651,48.608185,-321.041443,7.045721
1599,1465149524,87.787460,17.300156,167.083130,-4.513705,3.510071,0.412779,33.466766,-314.452667,2.007354
1600,1465166191,86.740776,17.121212,161.908798,-3.959212,3.868583,0.139688,28.850172,-299.347321,-3.107568
1601,1465182858,85.764336,16.946619,157.137985,-3.220049,5.018397,0.418020,25.081333,-276.404938,-7.115527
1602,1465199525,84.748878,16.786236,152.924133,-1.961397,6.605949,0.729940,12.267769,-244.523178,-10.107540
1603,1465216192,83.597412,16.639711,149.347824,-0.293736,7.058854,0.750959,-7.501482,-207.941620,-11.824068
1604,1465232859,82.469597,16.545477,146.474136,0.977773,7.347661,0.669034,-18.518204,-167.275070,-14.150633
1605,1465249526,81.536560,16.547888,144.288391,1.691332,7.456897,0.475951,-18.668871,-127.037315,-17.371893
1606,1465266193,80.937363,16.630316,142.847443,1.969215,7.718657,0.493262,-11.255604,-83.695091,-17.272476
1607,1465282860,80.594681,16.795431,142.126312,2.149778,7.875314,0.794621,-8.049312,-41.852356,-16.216518
1608,1465299527,80.408714,17.025417,142.071960,2.188290,7.867333,0.810153,-10.086279,-3.310048,-13.940009
1609,1465316194,80.345650,17.296894,142.596237,1.847305,7.523440,0.646959,-12.880744,29.857796,-10.879577
1610,1465332861,80.413765,17.588898,143.614822,1.202101,6.949866,0.404362,-13.996367,57.935818,-7.402139
1611,1465349528,80.630142,17.898586,145.055237,0.474292,6.504400,0.324817,-13.070555,81.787674,-4.672549
1612,1465366195,80.955879,18.235605,146.857758,-0.013876,6.465188,0.326812,-13.669204,102.289986,-3.431962
1613,1465382862,81.297028,18.604435,148.985214,-0.595417,6.314207,0.254221,-19.494520,120.638313,-3.133149
1614,1465399529,81.542450,18.986649,151.393539,-1.250162,5.963614,0.034698,-31.419870,136.276810,-2.238307
1615,1465416196,81.677971,19.348583,154.066391,-1.915687,5.410773,-0.170892,-44.069786,150.630768,0.624012
1616,1465432863,81.736099,19.674435,156.991119,-2.598262,4.603146,-0.329552,-54.631535,164.118439,4.497738
1617,1465449530,81.733955,19.949064,160.162003,-3.084147,4.081629,-0.273471,-64.088898,177.146194,9.395539
1618,1465466197,81.769241,20.167339,163.576355,-3.484743,3.364137,-0.531288,-67.592392,189.978622,14.603962
1619,1465482864,81.951439,20.326815,167.232605,-3.930557,2.675909,-0.635482,-64.409012,202.769592,19.616240
1620,1465499531,82.393822,20.426388,171.148102,-4.158869,1.635498,-0.962855,-54.654816,216.669006,24.011446
1621,1465516198,83.087761,20.470886,175.287231,-4.433772,0.797379,-0.612391,-44.515320,228.852966,26.686089
1622,1465532865,83.772865,20.446472,179.530457,-4.580147,-0.016826,0.010625,-47.254841,234.487091,28.673388
1623,1465549532,84.210670,20.352057,-176.247284,-4.650233,-0.751445,0.135309,-61.389931,233.261612,30.413370
1624,1465566199,84.422440,20.190151,-172.069595,-4.501274,-1.641697,-0.171660,-73.476898,230.727753,32.874924
1625,1465582866,84.501358,19.974037,-167.962509,-4.171128,-2.478817,-0.326717,-79.209526,226.830078,35.164333
1626,1465599533,84.432327,19.699907,-163.957687,-3.856569,-2.843192,-0.161234,-85.007172,221.110458,38.087669
1627,1465616200,84.110062,19.361685,-160.096405,-3.367524,-3.047533,0.131734,-96.103836,212.952911,41.911247
1628,1465632867,83.454460,18.956617,-156.421204,-2.729090,-3.320721,0.290776,-111.018318,202.167389,46.648972
1629,1465649534,82.293442,18.466297,-153.032303,-1.760482,-3.635277,0.680630,-134.196533,185.184708,53.018536
1630,1465666201,80.766663,17.925343,-149.982391,-0.657270,-3.842351,0.489044,-148.063553,164.907211,57.657509
1631,1465682868,79.171921,17.366480,-147.218674,0.206189,-4.002025,0.561024,-145.279984,147.497467,60.507957
1632,1465699535,77.536385,16.805386,-144.748901,0.928913,-4.015979,0.950341,-141.020233,129.660263,61.543659
1633,1465716202,75.850304,16.254894,-142.589523,1.577545,-3.839534,1.066730,-137.399811,110.987923,60.724693
1634,1465732869,74.163033,15.734143,-140.723450,2.369203,-3.645325,0.861311,-131.490509,93.584930,58.035027
1635,1465749536,72.591705,15.277130,-139.115448,3.353776,-3.627461,0.749146,-119.507263,78.937843,52.895546
1636,1465766203,71.203743,14.885870,-137.769760,4.360263,-3.667728,0.473301,-103.753853,64.487114,46.577305
1637,1465782870,70.041382,14.566339,-136.682434,5.264783,-3.734585,0.177032,-85.838120,50.824642,39.080345
1638,1465799537,69.082367,14.314335,-135.843643,5.827473,-3.699110,-0.173464,-69.649384,38.022842,31.261066
1639,1465816204,68.344551,14.142015,-135.238632,6.057080,-3.578836,-0.610778,-52.803104,26.647272,22.498764
1640,1465832871,67.844147,14.060498,-134.863129,6.075812,-3.515809,-0.912742,-35.176971,16.042614,12.800757
1641,1465849538,67.594330,14.070230,-134.739639,6.133058,-3.529109,-1.213748,-16.506618,4.448450,2.310709
1642,1465866205,67.596733,14.148056,-134.880051,6.082142,-3.571707,-1.472200,2.429128,-8.228044,-7.291912
1643,1465882872,67.804604,14.257737,-135.306030,5.896318,-3.593400,-1.779376,18.919682,-22.895781,-15.334601
1644,1465899539,68.145500,14.357413,-136.031723,5.505355,-3.605660,-1.914903,31.339293,-39.371578,-21.199995
1645,1465916206,68.563698,14.417109,-137.057190,4.954015,-3.691230,-1.838783,40.453598,-56.599113,-25.134378
1646,1465932873,69.051201,14.420547,-138.376724,4.367431,-3.960567,-1.512185,48.990078,-73.961456,-27.719149
1647,1465949540,69.659874,14.365263,-139.983612,3.757342,-4.110634,-1.250479,60.467537,-91.128929,-29.623562
1648,1465966207,70.424591,14.254602,-141.875565,3.081508,-4.127087,-0.960326,73.878738,-108.240150,-31.094740
1649,1465982874,71.325958,14.096317,-144.054123,2.375604,-3.964142,-0.589219,85.987404,-125.447746,-32.330151
1650,1465999541,72.345825,13.912024,-146.511276,1.655789,-3.731516,-0.107456,96.726028,-141.975708,-33.855801
1651,1466016208,73.494247,13.721420,-149.224503,0.944503,-3.772629,0.300710,107.613266,-157.100632,-35.256752
1652,1466032875,74.774567,13.526515,-152.177109,0.166370,-3.928576,0.797467,118.342903,-171.442551,-35.563068
1653,1466049542,76.185364,13.341042,-155.382339,-0.751068,-3.988171,1.242178,129.090683,-186.503662,-35.853390
1654,1466066209,77.623886,13.189584,-158.864624,-1.756333,-3.358215,1.821155,133.994064,-202.769577,-36.944454
1655,1466082876,78.930084,13.088223,-162.657684,-2.347023,-2.642293,2.032182,129.828537,-220.877823,-38.784771
1656,1466099543,79.975441,13.027733,-166.778107,-2.844935,-2.260205,2.217842,118.295944,-240.057297,-40.208836
1657,1466116210,80.692207,12.991711,-171.241974,-3.439726,-2.126225,2.189383,103.016891,-260.258148,-41.371056
1658,1466132877,81.067322,12.976115,-176.066971,-4.084827,-2.166261,1.986066,87.271751,-281.308868,-43.463871
1659,1466149544,81.088997,12.933293,178.790207,-4.838992,-1.732275,1.475883,70.203056,-300.092529,-43.765106
1660,1466166211,80.727684,12.868984,173.372223,-5.295372,-0.088859,1.240956,50.643475,-316.127777,-45.923103
1661,1466182878,80.065697,12.805919,167.760040,-5.241332,1.350024,0.882805,34.855690,-326.950226,-50.698463
1662,1466199545,79.217621,12.737114,162.071930,-5.026307,2.373372,0.648182,24.341442,-330.758820,-55.442017
1663,1466216212,78.091599,12.684155,156.472977,-4.177300,5.354480,1.331279,6.165895,-324.535156,-61.012413
1664,1466232879,76.508919,12.642200,151.235641,-2.680965,7.333909,0.959399,-26.217228,-302.238464,-64.617348
1665,1466249546,74.922394,12.596736,146.712509,-1.715962,6.855421,-1.131075,-36.008240,-259.898865,-62.389927
1666,1466266213,73.918678,12.631008,142.971222,-1.143798,5.665837,-0.758711,-11.293509,-213.026413,-60.527599
1667,1466282880,73.459641,12.760028,139.935181,-0.424058,6.389281,0.573738,12.415783,-170.941284,-57.070137
1668,1466299547,73.346886,12.921665,137.728683,1.429836,8.476017,0.546382,22.618441,-123.482201,-45.923485
1669,1466316214,73.688164,13.101470,136.445984,3.080659,8.985515,-0.695143,37.822269,-71.379326,-31.415909
1670,1466332881,74.500755,13.301140,136.071945,3.179457,8.268097,-1.101333,53.964111,-20.235762,-17.339457
1671,1466349548,75.600594,13.513885,136.516678,2.400379,7.332349,-0.709473,59.950626,25.887690,-5.496491
1672,1466366215,76.777687,13.721327,137.664795,1.653328,6.755864,0.026418,54.607853,65.514870,4.006115
1673,1466382882,77.884895,13.888590,139.397064,1.316672,6.583648,0.401759,41.883842,98.214401,12.423183
1674,1466399549,78.918877,14.012407,141.612106,0.969489,6.488732,0.427917,30.299351,125.387550,18.706772
1675,1466416216,79.954849,14.123610,144.263840,0.264594,6.240154,0.294715,23.828121,150.501602,21.762142
1676,1466432883,81.054977,14.243402,147.326889,-0.581009,5.767120,0.005775,21.365423,174.497467,22.311790
1677,1466449550,82.233711,14.363503,150.789093,-1.478370,4.923848,-0.020675,19.830593,197.778534,22.110497
1678,1466466217,83.222282,14.443168,154.542053,-1.980261,4.297879,0.751507,3.771596,214.543594,22.839592
1679,1466482884,83.623344,14.448388,158.414597,-2.431237,4.081118,1.271185,-33.382996,221.159302,25.422094
1680,1466499551,83.440498,14.380684,162.382675,-2.978126,3.378746,0.427260,-69.671471,226.269028,29.964352
1681,1466516218,83.075615,14.300807,166.437805,-3.366835,2.495862,-0.186095,-81.552315,231.143570,32.380760
1682,1466532885,82.885414,14.271654,170.593658,-3.612212,1.753551,0.182695,-72.317642,237.246323,31.214928
1683,1466549552,82.758537,14.263315,174.773346,-3.727551,1.447338,1.253269,-68.775276,238.726944,30.818098
1684,1466566219,82.168983,14.195152,178.786118,-3.747734,0.904986,2.154219,-93.876595,228.477173,34.617821
1685,1466582886,80.933853,14.076806,-177.492065,-3.693973,-0.051497,1.729764,-127.939362,210.822922,38.800632
1686,1466599553,79.388618,13.955563,-174.008286,-3.460273,-1.138157,0.866117,-142.618866,196.266205,41.792694
1687,1466616220,77.805908,13.859271,-170.697357,-3.097402,-1.912145,0.860505,-141.989838,185.573883,43.765099
1688,1466632887,76.259972,13.796572,-167.544815,-2.729476,-2.436357,1.050937,-137.248917,175.836182,44.868073
1689,1466649554,74.834846,13.751513,-164.523300,-2.282742,-2.964090,0.799507,-127.968803,167.530258,46.560684
1690,1466666221,73.613571,13.721805,-161.620071,-1.632082,-3.503802,0.399059,-113.950729,160.047638,47.724937
1691,1466682888,72.592522,13.698005,-158.822723,-0.808059,-4.174035,0.018661,-100.375969,153.302704,48.774265
1692,1466699555,71.704582,13.679585,-156.151627,-0.067408,-4.549437,-0.053836,-90.560318,145.573395,48.810024
1693,1466716222,70.954880,13.671972,-153.610596,0.442699,-4.545980,-0.271366,-80.414116,137.874252,47.887611
1694,1466732889,70.469612,13.698483,-151.170837,0.967738,-4.518368,-0.544875,-63.168541,132.452454,45.519352
1695,1466749556,70.302200,13.758551,-148.801346,1.651008,-4.508908,-0.800481,-43.233864,128.967819,43.014267
1696,1466766223,70.291817,13.860407,-146.489502,2.371855,-4.397249,-0.780780,-33.219017,126.528549,39.722454
1697,1466782890,70.306488,14.009214,-144.241959,2.863418,-4.090703,-1.148180,-31.117283,123.866562,35.788570
1698,1466799557,70.409935,14.229674,-142.060211,3.164571,-3.772189,-1.655989,-25.282253,121.631317,30.295094
1699,1466816224,70.668037,14.516158,-139.984665,3.781121,-3.758259,-1.604967,-15.019386,117.086586,24.081976
1700,1466832891,71.068893,14.810962,-138.106140,4.486969,-3.679230,-1.750880,-4.113518,106.406570,19.132765
1701,1466849558,71.645058,15.065072,-136.519104,5.173982,-3.561063,-1.872487,10.351262,89.626678,15.083950
1702,1466866225,72.311623,15.233897,-135.342316,5.640417,-3.369762,-1.735083,21.823620,65.496010,11.581155
1703,1466882892,72.985275,15.291710,-134.695984,5.799188,-3.161561,-1.700368,30.443645,34.278477,7.989975
1704,1466899559,73.675766,15.222171,-134.603577,5.675994,-3.055880,-1.515285,40.156399,1.441536,5.691591
1705,1466916226,74.331413,15.026234,-135.073532,5.147401,-2.962265,-0.968106,46.834778,-31.911953,3.974259
1706,1466932893,74.949783,14.725608,-136.071365,4.597332,-3.051522,-0.431540,52.568970,-63.098633,2.259011
1707,1466949560,75.575218,14.354283,-137.531281,4.085803,-3.181549,-0.022693,59.569637,-90.213074,0.181493
1708,1466966227,76.226105,13.972374,-139.381439,3.561599,-3.405091,0.407346,66.229645,-112.524933,-3.776167
1709,1466982894,76.862213,13.631294,-141.568970,2.795649,-3.437381,0.836281,69.457329,-131.297714,-9.525056
1710,1466999561,77.449738,13.347121,-144.063171,1.918186,-3.368498,1.224017,70.101578,-148.253754,-15.480797
1711,1467016228,77.985291,13.122603,-146.844254,1.105875,-3.222364,1.451892,70.253006,-164.172684,-21.136330
1712,1467032895,78.438286,12.955562,-149.903717,0.477527,-3.033711,1.529741,68.488335,-179.709457,-26.458231
1713,1467049562,78.813583,12.832879,-153.247559,0.020435,-2.830722,1.437066,67.164368,-195.778534,-31.072529
1714,1467066229,79.142128,12.736308,-156.890549,-0.043559,-3.165477,1.263741,67.940628,-212.933304,-34.774071
1715,1467082896,79.461708,12.663922,-160.831284,-0.547749,-3.445222,0.874939,70.997864,-230.060394,-38.244122
1716,1467099563,79.821762,12.621846,-165.037582,-1.549761,-3.149783,0.860070,76.666954,-245.307663,-41.471848
1717,1467116230,80.138435,12.614626,-169.507370,-2.637020,-2.416591,1.253906,77.397888,-260.397919,-44.772270
1718,1467132897,80.289734,12.617726,-174.248383,-3.354765,-1.620440,1.302937,71.024727,-276.131226,-47.021198
1719,1467149564,80.273415,12.614338,-179.234390,-3.737297,-1.144828,1.018036,64.181480,-290.383789,-48.730659
1720,1467166231,80.129593,12.595029,175.587036,-4.038260,-0.796976,0.761156,59.004330,-301.601196,-50.108288
1721,1467182898,79.896278,12.543672,170.301407,-4.400323,-0.416203,0.284021,54.849159,-307.974640,-50.290409
1722,1467199565,79.638412,12.450265,164.993774,-4.742002,0.600561,0.252402,53.277985,-309.557739,-49.363033
1723,1467216232,79.218979,12.317782,159.730087,-4.505514,2.746329,0.951471,42.417721,-307.281189,-48.428425
1724,1467232899,78.461639,12.155015,154.628159,-3.500566,4.789487,1.178695,19.322668,-297.975952,-47.983482
1725,1467249566,77.298225,11.968620,149.860107,-2.494401,5.192433,0.736826,-10.099780,-278.453033,-47.483334
1726,1467266233,75.818649,11.786791,145.579834,-2.068481,4.405927,0.067801,-35.956444,-249.537170,-47.504642
1727,1467282900,74.131531,11.628066,141.830109,-1.320879,5.263395,0.435646,-55.598656,-217.801468,-47.624531
1728,1467299567,72.161995,11.459039,138.745331,0.035283,7.380145,0.790087,-81.134041,-179.044373,-42.601120
1729,1467316234,69.990356,11.299550,136.391357,1.190487,7.558554,0.295680,-102.399025,-136.612991,-35.616314
1730,1467332901,67.781609,11.149577,134.799454,1.610764,7.340309,-0.123585,-113.858688,-93.159760,-25.149147
1731,1467349568,65.707336,11.025243,133.933853,1.789372,6.999664,-0.767183,-114.355957,-52.267384,-13.093065
1732,1467366235,64.021370,10.933041,133.834244,1.998962,7.223236,-1.341934,-99.861092,-10.139121,2.660300
1733,1467382902,63.021282,10.912510,134.501526,2.002381,7.439794,-1.121471,-67.384270,32.189003,18.748779
1734,1467399569,62.908543,11.017565,135.890518,1.484161,7.400825,-0.834754,-22.357624,73.321518,31.665113
1735,1467416236,63.705475,11.247805,137.956207,0.583571,6.947764,-0.633978,24.188154,112.445831,42.347008
1736,1467432903,65.209969,11.556129,140.605698,-0.204723,6.341996,-0.356254,59.182266,146.192581,50.540485
1737,1467449570,67.010750,11.854797,143.701187,-0.851023,5.652604,0.118996,70.741020,171.170441,57.283451
1738,1467466237,68.663857,12.086425,147.094925,-1.488759,5.059528,0.699162,57.367683,187.352997,62.263676
1739,1467482904,69.937225,12.241492,150.696686,-2.049037,4.433080,0.776405,31.322849,198.543243,65.940880
1740,1467499571,70.879105,12.360284,154.483170,-2.519815,3.815735,0.697125,8.605216,209.161835,67.681107
1741,1467516238,71.629044,12.468197,158.445572,-2.881405,3.058953,0.588778,-5.583227,219.596512,68.437988
1742,1467532905,72.408295,12.574555,162.592361,-3.170953,1.959389,0.200028,-6.629563,230.650742,68.861931
1743,1467549572,73.423508,12.710888,166.929184,-3.383804,1.066159,0.070716,4.531150,242.756073,66.724258
1744,1467566239,74.624123,12.852877,171.421738,-3.465015,0.272226,0.330286,12.986101,252.717361,64.119293
1745,1467582906,75.826790,12.962190,175.974579,-3.392499,-0.326139,0.399833,11.735690,256.791046,61.522224
1746,1467599573,76.910828,13.031234,-179.479370,-3.417671,-0.763025,0.344082,4.308625,256.919312,58.580948
1747,1467616240,77.828201,13.073909,-174.989151,-3.218343,-1.549707,0.313880,-5.177882,254.315674,54.872849
1748,1467632907,78.538033,13.092637,-170.614319,-2.929418,-2.317010,0.450642,-16.193913,248.133041,51.246403
1749,1467649574,78.930031,13.084595,-166.427643,-2.520039,-3.014299,0.630438,-32.723522,237.516983,48.274078
1750,1467666241,78.941475,13.046764,-162.497299,-2.053485,-3.404368,0.565999,-51.979332,222.654800,46.323135
1751,1467682908,78.633774,12.980535,-158.838074,-1.556059,-3.776158,0.456205,-67.263847,206.704269,45.513157
1752,1467699575,78.190224,12.920470,-155.432358,-0.987453,-4.060699,0.352959,-71.781914,192.001175,43.561401
1753,1467716242,77.774147,12.892417,-152.271973,-0.313415,-4.309907,0.192227,-66.717079,178.075729,40.171001
1754,1467732909,77.443108,12.885736,-149.378464,0.514973,-4.450244,0.043835,-58.008141,162.838837,36.752914
1755,1467749576,77.134827,12.875133,-146.783813,1.312379,-4.444838,-0.006542,-52.649551,145.538544,34.068756
1756,1467766243,76.807114,12.832854,-144.513947,2.043394,-4.319513,-0.081318,-49.442272,126.408691,32.465694
1757,1467782910,76.451157,12.737849,-142.590042,2.765878,-4.145926,-0.252187,-46.416553,105.812355,31.648335
1758,1467799577,76.150146,12.590543,-141.010727,3.326416,-3.816071,-0.505072,-38.384514,85.332291,30.562365
1759,1467816244,75.985306,12.402327,-139.765549,3.857391,-3.359848,-0.654392,-25.642151,65.660393,28.612278
1760,1467832911,75.935234,12.168231,-138.872482,4.345030,-3.070482,-0.603283,-14.029988,44.966110,26.431097
1761,1467849578,75.915230,11.881854,-138.369095,4.718941,-2.835190,-0.525212,-7.157818,22.040026,23.968643
1762,1467866245,75.889557,11.555238,-138.267868,4.850995,-2.662554,-0.450577,-2.476162,-1.454125,20.589752
1763,1467882912,75.862175,11.199423,-138.567200,4.896963,-2.504203,-0.441137,2.160406,-24.750654,16.557171
1764,1467899579,75.857796,10.833049,-139.241165,4.908031,-2.336711,-0.482503,7.686749,-46.349022,11.786222
1765,1467916246,75.856361,10.478585,-140.250259,4.683852,-2.223077,-0.393647,11.296011,-65.397850,6.268980
1766,1467932913,75.903343,10.158989,-141.545242,4.385241,-2.213282,-0.493053,16.886559,-81.320808,0.152956
1767,1467949580,76.069687,9.892084,-143.078827,4.007656,-2.256802,-0.437716,26.118622,-94.319962,-6.179618
1768,1467966247,76.365929,9.680391,-144.835709,3.610221,-2.445413,-0.145247,35.779469,-106.448952,-12.167462
1769,1467982914,76.771576,9.520658,-146.814850,3.126395,-2.714630,0.119174,44.202637,-118.647774,-17.611769
1770,1467999581,77.260796,9.398973,-149.027618,2.592390,-2.915268,0.389637,51.208164,-131.800217,-22.030510
1771,1468016248,77.804970,9.318710,-151.482834,1.992386,-3.042775,0.653103,56.611530,-145.523773,-26.383730
1772,1468032915,78.365936,9.283698,-154.199875,1.374346,-3.185189,0.846745,59.990578,-160.410019,-30.850407
1773,1468049582,78.932198,9.310574,-157.174942,0.607214,-3.233561,0.907831,62.776066,-174.959885,-35.931110
1774,1468066249,79.538673,9.396819,-160.397003,-0.040473,-3.231775,0.974383,67.752388,-189.004868,-40.381401
1775,1468082916,80.139977,9.543570,-163.857178,-0.792031,-3.154052,1.309574,70.163437,-202.590729,-44.449787
1776,1468099583,80.628532,9.731844,-167.557709,-1.491182,-2.786926,1.477782,66.399086,-216.515594,-47.353935
1777,1468116250,80.927094,9.972266,-171.516785,-2.044763,-2.336258,1.474188,58.470203,-231.287262,-51.392025
1778,1468132917,81.087738,10.231819,-175.662247,-2.521097,-1.940654,1.070999,53.169697,-242.002136,-53.296989
1779,1468149584,81.167397,10.520442,-179.973145,-2.969661,-1.569121,0.916062,51.270741,-251.277390,-55.986889
1780,1468166251,81.204338,10.828597,175.573639,-3.338287,-1.252349,0.872597,51.612675,-259.212616,-58.138454
1781,1468182918,81.175735,11.134767,171.008347,-3.648111,-0.466958,0.829742,50.368755,-265.490845,-58.972462
1782,1468199585,80.939850,11.425859,166.371170,-3.768790,0.695480,0.978416,40.186993,-269.400787,-59.304817
1783,1468216252,80.368454,11.704286,161.760330,-3.535205,2.127568,0.935143,21.114408,-267.290131,-60.142883
1784,1468232919,79.475586,11.972404,157.313339,-3.168042,3.226544,0.360853,1.125257,-256.868988,-61.192520
1785,1468249586,78.548409,12.232224,153.239365,-2.495360,3.638885,-0.462896,-4.408177,-234.209839,-60.529041
1786,1468266253,77.705872,12.491119,149.547928,-1.997766,3.705358,-0.245913,-3.144082,-211.076706,-59.402557
1787,1468282920,76.810997,12.744320,146.310501,-1.338930,4.505169,0.309455,-11.252494,-184.081192,-56.329922
1788,1468299587,75.840927,12.974119,143.569824,-0.406420,5.239311,-0.007485,-21.575871,-155.059921,-51.024940
1789,1468316254,75.014549,13.178757,141.460083,0.462975,6.477732,-0.720958,-20.886620,-118.777878,-42.657658
1790,1468332921,74.519775,13.379739,140.069672,1.135114,7.312130,-0.953050,-10.432049,-77.697975,-32.747322
1791,1468349588,74.435814,13.588706,139.429001,1.251957,7.472247,-0.905391,4.056634,-35.162945,-21.891106
1792,1468366255,74.771301,13.810611,139.528625,0.853177,7.440434,-0.726859,18.891275,6.645937,-11.132951
1793,1468382922,75.451683,14.039759,140.291794,0.451261,7.103449,-0.488064,30.024433,44.012165,-1.737890
1794,1468399589,76.372780,14.241104,141.626892,0.201439,6.664684,-0.405937,35.957321,75.818863,7.284966
1795,1468416256,77.427559,14.379736,143.438766,-0.080905,6.204289,-0.262641,36.711174,102.043564,15.841398
1796,1468432923,78.505531,14.438185,145.654510,-0.295858,5.886826,-0.190046,31.931322,124.223053,23.454332
1797,1468449590,79.581757,14.427834,148.241806,-0.606239,5.431539,-0.264382,26.253088,145.049377,29.202536
1798,1468466257,80.736664,14.385989,151.185806,-1.035678,4.623517,-0.300875,25.748444,165.717255,31.714563
1799,1468482924,81.991364,14.327220,154.469376,-1.287415,3.948229,0.002574,26.862835,185.755692,32.136135
1800,1468499591,83.308998,14.254526,158.070770,-1.486444,3.752902,0.414031,26.184919,204.683426,31.092146
1801,1468516258,84.633827,14.166422,161.954117,-1.720826,3.411505,0.506775,22.779335,221.648315,28.957062
1802,1468532925,85.992790,14.078801,166.074371,-1.922277,2.581572,0.363883,21.734072,236.108658,24.807941
1803,1468549592,87.390984,14.001188,170.375687,-2.089049,1.888104,0.411632,21.820827,247.262360,19.082565
1804,1468566259,88.674614,13.934221,174.789078,-2.324371,1.159490,0.628301,13.665962,254.260483,12.834270
1805,1468582926,89.702248,13.892106,179.265213,-2.332719,0.872859,0.875086,-2.332905,258.217804,6.230789
1806,1468599593,90.545853,13.928336,-176.204407,-2.332328,0.721532,0.938429,-14.122449,261.435394,-2.714961
1807,1468616260,91.473770,14.072510,-171.587555,-2.294441,-0.146584,0.201456,-10.723037,266.176910,-13.334150
1808,1468632927,92.738739,14.334486,-166.856857,-2.007197,-1.418335,0.059376,6.868170,271.990234,-25.744518
1809,1468649594,94.241920,14.696392,-162.080811,-1.603188,-1.905707,1.185497,18.970594,273.170288,-38.461788
1810,1468666261,95.632019,15.129813,-157.391983,-1.650218,-1.764860,2.175421,11.605795,266.203094,-49.180206
1811,1468682928,96.719803,15.623064,-152.894440,-1.513614,-2.090917,1.940793,-5.679173,253.102219,-57.271000
1812,1468699595,97.580971,16.135416,-148.631561,-1.094741,-2.722404,1.155896,-17.703440,237.878174,-60.964085
1813,1468716262,98.407242,16.681936,-144.615128,-0.362199,-3.364377,0.466380,-17.906309,221.979111,-64.449921
1814,1468732929,99.320343,17.234961,-140.887283,0.478138,-3.839251,0.448258,-9.878663,203.881546,-65.567467
1815,1468749596,100.147461,17.768187,-137.582092,0.905063,-3.816361,0.602410,-9.460047,178.606445,-63.318245
1816,1468766263,100.465141,18.202515,-134.868271,0.990962,-3.457510,0.751855,-30.681555,145.318085,-53.152161
1817,1468782930,99.925110,18.542660,-132.918991,1.447787,-3.462145,0.418080,-68.749969,103.228516,-39.535717
1818,1468799597,98.768951,18.777636,-131.666031,2.178572,-3.727140,-0.601882,-92.936073,65.571861,-25.281752
1819,1468816264,97.323082,18.910042,-130.963135,2.640551,-4.038263,-1.031624,-99.918877,35.998692,-13.254070
1820,1468832931,95.836281,18.938473,-130.681366,3.016509,-4.263721,-1.159775,-94.273788,13.268552,-3.328861
1821,1468849598,94.438652,18.869474,-130.731659,3.420517,-4.574555,-1.104746,-82.499840,-4.909087,4.576594
1822,1468866265,93.161880,18.707754,-131.069824,3.438465,-4.647416,-1.161421,-69.730270,-20.977215,11.150311
1823,1468882932,91.900787,18.456079,-131.691116,3.434604,-4.472335,-1.413454,-63.484730,-37.103321,16.838089
1824,1468899599,90.641579,18.136677,-132.567474,3.326740,-4.198175,-1.752906,-58.786942,-51.970558,20.454971
1825,1468916266,89.423721,17.763769,-133.653687,3.305700,-3.970210,-1.983737,-52.763523,-64.485611,22.595945
1826,1468932933,88.321243,17.336187,-134.931458,3.373801,-3.831454,-2.204556,-42.842934,-76.094360,24.397219
1827,1468949600,87.453049,16.859793,-136.368637,3.356258,-3.615441,-2.178155,-26.582344,-85.940941,25.713886
1828,1468966267,86.917953,16.346159,-137.945999,3.201748,-3.399837,-1.985340,-4.945942,-94.630005,26.518890
1829,1468982934,86.670517,15.798801,-139.663284,2.907905,-3.154175,-1.594472,13.761673,-103.224915,27.452721
1830,1468999601,86.636002,15.217535,-141.534531,2.429704,-2.844115,-1.179809,28.002113,-112.579964,28.707445
1831,1469016268,86.735550,14.587058,-143.584045,2.005675,-2.696515,-0.690462,37.624363,-123.375389,31.110941
1832,1469032935,86.892410,13.916549,-145.852249,1.500788,-2.607992,0.100902,42.919445,-136.489105,33.061394
1833,1469049602,87.167931,13.241571,-148.366684,1.314054,-3.027940,0.627420,51.934357,-151.105453,33.078838
1834,1469066269,87.730064,12.614563,-151.141678,0.882995,-3.625301,1.190733,70.937393,-166.356995,30.602409
1835,1469082936,88.513283,12.096300,-154.222992,0.061961,-3.540656,1.910966,86.479485,-184.071793,25.412010
1836,1469099603,89.308327,11.658301,-157.594116,-0.769065,-2.962314,2.026657,89.241043,-200.970306,22.772543
1837,1469116270,89.931587,11.313151,-161.326218,-1.459199,-2.214160,2.261512,81.877579,-222.132019,19.520496
1838,1469132937,90.254227,11.088990,-165.426605,-2.123772,-1.355079,2.483459,67.040756,-243.863525,14.117705
1839,1469149604,90.143845,11.018306,-169.888794,-2.545447,-0.461103,2.641896,44.613106,-265.310028,5.440060
1840,1469166271,89.710861,11.079206,-174.642776,-2.699878,-0.374247,1.964065,28.605650,-282.496216,-3.712694
1841,1469182938,89.065117,11.246911,-179.592606,-2.997701,0.009504,1.741550,18.687695,-293.794525,-12.867917
1842,1469199605,88.178459,11.487341,175.417007,-3.359244,1.160701,1.722546,5.764534,-295.651886,-21.169794
1843,1469216272,87.079391,11.751517,170.550781,-3.388853,1.313703,1.124808,-7.165226,-287.641815,-27.358780
1844,1469232939,86.183998,11.984062,165.953369,-3.389264,0.366280,-0.427835,2.972948,-271.203339,-29.485500
1845,1469249606,85.796806,12.230878,161.473831,-3.535920,-0.179000,-1.076767,33.098000,-263.665619,-32.848091
1846,1469266273,85.797134,12.460137,157.204254,-3.259362,2.799386,-0.737352,54.729488,-251.125290,-31.764250
1847,1469282940,85.519997,12.671513,153.184753,-1.639739,6.126322,0.635228,35.801041,-236.307205,-30.182159
1848,1469299607,84.566734,12.869237,149.436920,-0.414372,6.627568,0.626884,-7.480647,-220.013062,-30.502737
1849,1469316274,83.419159,12.964705,146.241547,-0.413621,6.257866,-0.990412,-25.950827,-187.786621,-25.010798
1850,1469332941,82.396507,13.054784,143.437851,0.843295,7.288940,0.087677,-23.417074,-164.507782,-25.379318
1851,1469349608,81.345993,13.054832,141.297455,2.159411,10.139005,0.766888,-33.912224,-126.354912,-17.496033
1852,1469366275,80.513931,13.035987,140.103134,2.363653,9.573122,-0.548496,-33.585278,-71.612297,-9.728331
1853,1469382942,80.122215,12.966213,139.882843,1.514704,7.509274,-1.604671,-20.309189,-15.888785,2.086229
1854,1469399609,80.294556,12.835303,140.557388,0.960364,6.614659,-1.435628,1.568011,35.068886,14.546712
1855,1469416276,80.747345,12.670128,141.992691,1.016347,6.228678,-0.403145,8.458011,78.758583,23.679186
1856,1469432943,81.286324,12.511101,144.078598,0.873624,5.942184,-0.383615,5.395072,116.705452,28.549171
1857,1469449610,81.985634,12.376285,146.727463,0.163930,5.475871,-0.458871,8.086309,149.922211,30.615593
1858,1469466277,82.958397,12.300516,149.875046,-0.942802,4.571552,-0.288063,18.419426,179.856659,28.702665
1859,1469482944,84.257393,12.299231,153.452164,-1.743660,3.716622,0.166282,32.644165,205.944473,23.440556
1860,1469499611,85.737198,12.336569,157.388809,-2.116093,3.118106,0.654429,38.844181,227.630875,17.903841
1861,1469516278,87.253319,12.388704,161.604156,-2.308595,2.595092,0.708607,37.279194,244.339203,11.991246
1862,1469532945,88.729286,12.462052,166.018921,-2.417285,2.344541,0.795100,32.047367,256.230896,4.682456
1863,1469549612,90.064575,12.547109,170.536011,-2.661390,1.589170,0.779473,21.943096,262.189972,-2.299519
1864,1469566279,91.219688,12.638275,175.088562,-2.862356,0.522128,0.557754,10.285989,264.054565,-8.430039
1865,1469582946,92.123009,12.768488,179.623138,-2.506759,0.324442,0.947086,-5.081480,262.626038,-15.512439
1866,1469599613,92.714386,12.942762,-175.925980,-2.013183,-0.228393,0.937027,-23.367771,257.253845,-21.382559
1867,1469616280,93.037575,13.182597,-171.573074,-1.803864,-0.907288,0.809460,-39.053772,250.939163,-27.066195
1868,1469632947,93.121635,13.440198,-167.352417,-1.634767,-0.973435,0.938807,-52.669189,242.815552,-28.583479
1869,1469649614,92.949837,13.692509,-163.307892,-1.390908,-1.233005,0.744480,-66.631149,232.342789,-27.504362
1870,1469666281,92.443794,13.912681,-159.467209,-1.162780,-1.546424,0.600517,-84.732658,220.485962,-23.602734
1871,1469682948,91.645370,14.146873,-155.844727,-1.056130,-1.732034,0.474483,-99.994179,207.815338,-21.426847
1872,1469699615,90.702789,14.399144,-152.436142,-0.749609,-2.333524,0.528766,-106.380829,195.439407,-19.040400
1873,1469716282,89.746262,14.690273,-149.282928,0.011632,-3.286689,0.633741,-104.323006,180.649124,-18.018679
1874,1469732949,88.938766,15.053799,-146.397232,0.655689,-3.932599,0.682237,-92.332306,165.160645,-19.710722
1875,1469749616,88.345154,15.458252,-143.814453,1.590229,-4.371427,0.637804,-75.871490,147.635117,-20.529104
1876,1469766283,87.898254,15.879285,-141.616272,2.566677,-4.682420,0.331594,-61.945793,125.332130,-20.889935
1877,1469782950,87.511536,16.283995,-139.856705,3.264470,-4.640278,-0.108166,-51.993423,99.897156,-19.999254
1878,1469799617,87.085991,16.634216,-138.595749,3.684703,-4.437306,-0.554648,-46.553940,71.021439,-17.362143
1879,1469816284,86.601555,16.905008,-137.862473,3.844079,-4.126453,-0.900106,-41.383835,40.497826,-13.689826
1880,1469832951,86.082550,17.083504,-137.649567,3.910320,-3.893751,-1.038610,-34.536724,10.408353,-9.688717
1881,1469849618,85.570145,17.150251,-137.933578,4.056387,-3.890539,-1.116283,-25.430674,-18.422884,-4.953822
1882,1469866285,85.025238,17.107759,-138.681274,3.790760,-3.831621,-1.035205,-19.217978,-45.426834,-0.742928
1883,1469882952,84.442909,16.960638,-139.836273,3.497372,-3.633925,-1.215288,-14.411703,-69.289413,2.944213
1884,1469899619,83.844963,16.733046,-141.316086,3.124117,-3.584931,-1.294903,-9.946267,-88.430710,5.152158
1885,1469916286,83.239899,16.439121,-143.055862,2.866658,-3.530237,-1.293300,-6.342280,-103.898903,6.515730
1886,1469932953,82.771889,16.114536,-144.966949,2.592820,-3.415143,-1.431479,4.200311,-114.152702,6.173963
1887,1469949620,82.580299,15.778487,-146.993073,2.280270,-3.305401,-1.434276,22.015926,-121.030106,5.351477
1888,1469966287,82.649536,15.443389,-149.131195,2.032538,-3.366187,-1.089761,38.765724,-127.653259,4.316837
1889,1469982954,82.897186,15.109875,-151.419785,1.708511,-3.335720,-0.738852,51.101669,-136.472885,3.454727
1890,1469999621,83.246811,14.793433,-153.892395,1.293979,-3.613274,-0.364898,59.295898,-147.127319,1.832066
1891,1470016288,83.639198,14.501250,-156.545578,0.458788,-3.525797,0.287667,63.817841,-157.571091,0.109217
1892,1470032955,84.082977,14.251633,-159.383240,-0.368530,-3.106620,0.590118,68.901695,-168.150742,-2.462077
1893,1470049622,84.569679,14.051344,-162.410950,-1.060350,-2.573704,0.826558,73.599106,-179.032303,-5.167277
1894,1470066289,85.079903,13.887653,-165.633347,-1.446008,-2.185601,1.062223,77.261345,-190.310745,-6.852276
1895,1470082956,85.527992,13.757136,-169.103516,-1.567157,-2.018091,1.046197,76.595093,-204.705246,-8.454973
1896,1470099623,85.848511,13.655365,-172.851517,-1.790747,-2.146176,0.932794,72.480118,-220.882141,-10.040238
1897,1470116290,86.039597,13.565245,-176.871643,-2.289687,-2.120410,0.765029,68.184563,-236.799240,-10.887655
1898,1470132957,86.052002,13.476162,178.869492,-2.974923,-0.773048,1.009350,60.441719,-250.784775,-11.497759
1899,1470149624,85.702980,13.400768,174.455994,-3.104126,1.767878,1.468623,40.566818,-259.773529,-13.701031
1900,1470166291,84.910179,13.349640,170.017532,-2.598769,3.196585,1.667721,14.032167,-261.023254,-17.842384
1901,1470182958,83.898659,13.331391,165.680878,-2.201794,2.894793,0.761349,-0.630922,-254.617844,-23.301603
1902,1470199625,82.972008,13.341583,161.687088,-2.074008,3.785367,0.262320,-0.288532,-234.110886,-26.974926
1903,1470216292,82.221985,13.392036,158.106491,-1.543916,4.294993,0.058492,4.714781,-209.417191,-29.654055
1904,1470232959,81.607330,13.478378,155.002487,-1.097980,4.358819,0.244850,6.462783,-181.149933,-30.339766
1905,1470249626,81.165154,13.592776,152.335495,-0.955674,3.954628,0.334393,11.010907,-155.322922,-29.835632
1906,1470266293,80.993126,13.700465,150.150192,-0.821286,4.159328,0.103147,20.719999,-127.403046,-25.905163
1907,1470282960,80.973549,13.763735,148.472778,0.022637,5.478671,0.158236,22.839022,-98.487839,-18.853558
1908,1470299627,80.882561,13.786890,147.286209,0.935915,6.726843,0.271460,11.647239,-70.572739,-12.074062
1909,1470316294,80.668289,13.803543,146.595047,0.740007,6.271714,-0.040373,-2.776973,-42.088581,-7.263219
1910,1470332961,80.531212,13.843513,146.413101,-0.042109,5.351578,-0.379346,-5.393885,-12.555021,-3.937571
1911,1470349628,80.587746,13.930783,146.746140,-0.391809,5.275431,-0.060943,-1.156479,17.513592,-1.844821
1912,1470366295,80.719383,14.045321,147.551407,-0.301424,5.444431,0.650352,-3.508017,44.902130,0.951153
1913,1470382962,80.814911,14.180161,148.763901,-0.309020,5.482824,0.734507,-11.707150,68.474030,3.431488
1914,1470399629,80.935051,14.336617,150.368042,-0.531307,5.246614,0.245082,-16.168262,91.136024,5.604810
1915,1470416296,81.197563,14.525200,152.355469,-0.909634,4.838079,0.009773,-13.611562,113.391563,6.819254
1916,1470432963,81.610481,14.731060,154.686371,-1.271147,4.341957,-0.204205,-10.159905,133.199997,8.063163
1917,1470449630,82.135040,14.959679,157.350922,-1.560611,4.085662,-0.030198,-9.082911,152.490555,8.307915
1918,1470466297,82.670052,15.196956,160.343063,-1.769067,3.968650,0.485567,-14.169321,171.266235,8.838219
1919,1470482964,83.133423,15.425628,163.612396,-2.054362,3.518471,0.338264,-23.539259,187.014709,9.791267
1920,1470499631,83.606216,15.637901,167.135254,-2.306026,2.881376,0.113810,-27.753439,201.341263,10.886290
1921,1470516298,84.105759,15.816789,170.889053,-2.578148,2.372799,0.119308,-30.576311,214.284607,12.556318
1922,1470532965,84.583000,15.954700,174.799316,-2.677059,1.616173,0.001155,-35.067623,222.968750,14.031840
1923,1470549632,84.989471,16.050808,178.809784,-2.755094,0.964905,0.054594,-41.411873,228.463867,15.308797
1924,1470566299,85.143753,16.099155,-177.140686,-2.843762,0.623730,0.454906,-57.462704,230.458344,17.229067
1925,1470582966,84.757591,16.083363,-173.140747,-2.780193,0.475700,0.772821,-89.103691,227.217545,21.288059
1926,1470599633,83.651382,15.989923,-169.271179,-2.596324,-0.090076,0.717801,-129.900146,219.045914,28.169710
1927,1470616300,82.040672,15.818415,-165.539230,-2.041093,-1.307245,-0.292963,-157.372574,210.015396,37.102222
1928,1470632967,80.425430,15.593201,-161.891922,-1.308937,-2.538090,-1.133107,-155.529160,203.775223,45.553635
1929,1470649634,79.250710,15.398933,-158.268723,-1.265997,-2.796110,-0.217072,-127.953911,201.755020,48.539196
1930,1470666301,78.646591,15.298629,-154.659821,-1.432922,-2.792470,0.633105,-92.973068,201.397156,46.055370
1931,1470682968,78.505333,15.266185,-151.127228,-0.674881,-3.285083,0.767053,-63.771393,197.626678,42.536285
1932,1470699635,78.667480,15.289001,-147.793915,0.621359,-4.057545,0.566183,-42.420132,186.979675,36.977772
1933,1470716302,78.893692,15.369660,-144.775177,1.638916,-4.480579,0.810867,-33.782368,169.881042,29.396358
1934,1470732969,78.893372,15.500424,-142.177567,2.341119,-4.433274,1.176190,-40.994781,146.516586,21.406279
1935,1470749636,78.586372,15.665534,-140.056900,2.623643,-4.122303,0.805133,-52.128399,119.714790,14.391711
1936,1470766303,78.123398,15.815030,-138.363098,3.094557,-3.800544,0.249891,-54.903622,95.186691,11.141381
1937,1470782970,77.637230,15.940401,-137.090881,3.387732,-3.675983,-0.268834,-49.640816,70.922691,8.248629
1938,1470799637,77.264252,16.038429,-136.227417,4.044720,-3.760630,-0.682095,-36.271000,47.451691,5.276943
1939,1470816304,77.016495,16.102491,-135.763580,4.367333,-3.715160,-0.926793,-22.222343,24.474470,2.405151
1940,1470832971,76.850349,16.111881,-135.682129,4.329100,-3.564516,-1.130499,-11.010967,2.227633,0.717918
1941,1470849638,76.748466,16.050575,-135.955002,4.171180,-3.472504,-1.092828,-1.300614,-18.635794,0.201771
1942,1470866305,76.670906,15.925303,-136.551453,3.887836,-3.365793,-1.044813,5.449367,-37.693417,-0.375394
1943,1470882972,76.636841,15.730531,-137.424988,3.795536,-3.263032,-1.359270,12.468276,-54.261154,-0.048088
1944,1470899639,76.710678,15.487041,-138.539795,3.733203,-3.321700,-1.528320,22.613449,-68.555626,-0.406519
1945,1470916306,76.920670,15.214955,-139.870789,3.319847,-3.263003,-1.454820,33.899754,-81.230583,-1.441279
1946,1470932973,77.316742,14.920315,-141.393448,2.974039,-3.208606,-1.442894,47.643505,-92.461090,-2.196693
1947,1470949640,77.865608,14.602039,-143.104263,2.562977,-3.109616,-1.096182,59.188358,-103.577339,-2.437709
1948,1470966307,78.503403,14.243009,-145.016891,2.120500,-2.955303,-0.867328,66.930222,-115.730728,-1.423746
1949,1470982974,79.233040,13.832666,-147.135452,1.693862,-2.753788,-0.589781,74.669891,-128.292969,0.603770
1950,1470999641,80.047821,13.377893,-149.482925,1.561134,-2.970824,-0.231885,82.058807,-142.121964,2.484687
1951,1471016308,80.871162,12.920599,-152.121597,1.186577,-3.296424,0.596911,85.437874,-159.135818,1.773531
1952,1471032975,81.610466,12.455703,-155.081467,0.544578,-3.446101,0.727568,83.370453,-178.043640,1.458054
1953,1471049642,82.147598,11.960603,-158.391953,-0.116838,-3.188065,0.697252,74.219978,-198.941040,2.263108
1954,1471066309,82.504158,11.458906,-162.031723,-0.583579,-2.852077,0.256135,65.693420,-218.496964,1.560823
1955,1471082976,82.839966,10.989032,-165.972672,-1.154672,-2.554347,0.532723,66.139725,-236.184143,-1.328384
1956,1471099643,83.238731,10.579674,-170.198120,-1.697007,-2.536694,0.845767,71.321999,-252.739349,-5.501986
1957,1471116310,83.768509,10.244505,-174.676483,-2.426084,-2.200588,1.229893,80.295639,-267.405365,-9.612773
1958,1471132977,84.183952,9.957696,-179.393127,-3.076190,-0.704453,2.005549,74.506447,-281.425720,-11.812180
1959,1471149644,84.115265,9.694233,175.699707,-3.111168,0.637284,2.273669,46.090153,-292.749908,-13.531557
1960,1471166311,83.602341,9.463713,170.737518,-2.988844,1.213495,1.747799,18.762251,-295.910736,-17.338863
1961,1471182978,82.873672,9.284956,165.865875,-2.875443,2.698701,1.468055,3.903549,-290.179749,-22.988411
1962,1471199645,81.927780,9.189261,161.277924,-2.437314,4.759686,1.890658,-12.528077,-272.614105,-29.924923
1963,1471216312,80.905075,9.144656,157.277008,-1.961192,5.201309,1.463075,-23.059582,-237.263397,-32.419731
1964,1471232979,79.930542,9.175513,153.785919,-1.560996,4.634392,0.872030,-25.044125,-206.128311,-35.958126
1965,1471249646,79.173447,9.265897,150.884857,-0.912055,6.125652,0.519506,-17.438000,-170.500931,-36.213253
1966,1471266313,78.471718,9.424300,148.720963,0.400251,7.992418,1.132416,-20.900589,-126.353828,-33.904434
1967,1471282980,77.527016,9.675685,147.384949,1.181584,8.603321,1.482123,-43.221001,-76.707314,-30.961784
1968,1471299647,76.312065,9.974398,146.762466,1.136927,7.829575,0.779140,-66.319923,-34.291763,-25.582830
1969,1471316314,75.168800,10.224323,146.948181,0.294339,7.056047,-0.963181,-70.306053,11.832189,-11.650444
1970,1471332981,74.334824,10.468214,147.745651,0.588481,6.356130,-0.749319,-58.357231,46.782909,-1.579566
1971,1471349648,73.736122,10.647507,149.172363,0.411317,6.524014,-1.309807,-51.290844,81.390755,12.943122
1972,1471366315,73.596741,10.830974,151.211472,0.041100,6.611814,-1.010730,-30.818962,115.983116,23.367638
1973,1471382982,73.929039,11.074346,153.781464,-0.898521,5.972648,-0.185491,-8.982559,146.987900,28.425617
1974,1471399649,74.586113,11.391621,156.741821,-1.943257,4.970368,0.445099,5.225100,170.397491,29.050444
1975,1471416316,75.371941,11.776562,159.972275,-2.502216,4.375891,0.787775,8.649212,186.947830,27.002230
1976,1471432983,76.124840,12.206602,163.413330,-2.717480,3.720094,1.008325,2.723653,199.657684,24.799650
1977,1471449650,76.752609,12.682661,167.025909,-2.932511,3.205580,1.407581,-8.578392,210.026093,21.949488
1978,1471466317,77.271263,13.187666,170.788742,-3.158600,2.750788,1.102673,-18.927216,218.788696,20.012630
1979,1471482984,77.854736,13.710252,174.723099,-3.336025,2.051673,0.214393,-19.390987,228.532211,18.912306
1980,1471499651,78.727638,14.251624,178.844208,-3.382576,1.160773,-0.317421,-6.852838,239.127609,16.977020
1981,1471516318,80.006538,14.802285,-176.875473,-3.283412,0.098252,-0.485114,12.824840,248.024658,13.497065
1982,1471532985,81.677849,15.344778,-172.481918,-3.166996,-0.631676,-0.267709,32.228561,254.065720,8.481194
1983,1471549652,83.465790,15.837913,-168.079910,-3.044085,-1.206634,0.164191,36.790997,253.682739,3.662062
1984,1471566319,85.115479,16.264391,-163.797714,-2.749314,-1.714114,0.178950,28.455286,245.817657,-0.781753
1985,1471582986,86.666786,16.633070,-159.684067,-2.248375,-2.557784,-0.450862,23.709631,235.274445,-4.982563
1986,1471599653,88.262131,16.960258,-155.775665,-1.836514,-3.225126,-0.666307,28.467569,222.727386,-9.555264
1987,1471616320,90.044983,17.229111,-152.008301,-1.320776,-3.378064,-0.556406,41.027714,213.848328,-12.808934
1988,1471632987,91.921585,17.389795,-148.418289,-1.157769,-3.224563,-0.510600,48.996029,203.036530,-13.037788
1989,1471649654,93.737526,17.415781,-145.060196,-0.717470,-3.203752,-0.465466,49.178894,189.523331,-10.916113
1990,1471666321,95.388161,17.312304,-141.974716,-0.112204,-3.428079,-0.934885,44.269474,174.195374,-7.733548
1991,1471682988,96.691902,17.020975,-139.150269,0.112932,-3.223574,-1.264812,28.680101,160.419891,0.480751
1992,1471699655,97.401779,16.626976,-136.718491,0.244535,-2.926658,-0.757088,0.830568,139.064941,6.464965
1993,1471716322,97.409767,16.143095,-134.673721,0.357284,-3.019996,-0.408051,-33.667908,118.022095,13.759169
1994,1471732989,96.824684,15.636936,-133.032440,0.784485,-3.340586,0.331269,-61.615566,95.299431,18.542301
1995,1471749656,95.870041,15.149529,-131.742859,1.458735,-3.454784,0.531419,-77.382698,74.919441,20.959049
1996,1471766323,94.869392,14.683387,-130.707474,2.299205,-3.357987,0.271495,-75.614586,59.926414,22.369148
1997,1471782990,94.046867,14.238330,-129.864639,3.248466,-3.101390,-0.066095,-61.588951,48.428749,22.960445
1998,1471799657,93.411461,13.828411,-129.203812,3.724841,-2.558224,0.088959,-47.375465,37.514580,22.189919
1999,1471816324,92.886635,13.461493,-128.742188,4.244931,-2.172161,-0.071231,-37.687012,25.613714,20.658905
2000,1471832991,92.440720,13.141773,-128.494736,4.531075,-2.048186,-0.094614,-29.857141,12.841549,18.658464
2001,1471849658,92.008888,12.860805,-128.488297,4.528157,-1.953600,-0.063716,-25.708988,-1.456753,17.008945
2002,1471866325,91.585938,12.622594,-128.733902,4.538837,-1.883594,-0.156835,-21.866802,-16.412699,14.925296
2003,1471882992,91.217598,12.422956,-129.214859,4.417750,-1.830043,-0.242986,-15.610640,-30.366392,12.863058
2004,1471899659,90.893547,12.276711,-129.947052,4.252647,-1.741008,-0.151455,-9.839234,-45.247108,9.774645
2005,1471916326,90.552246,12.182575,-130.959183,4.101415,-1.916571,-0.102181,-7.428925,-61.782635,6.618279
2006,1471932993,90.170570,12.113673,-132.247574,3.929862,-2.267353,-0.112429,-6.469755,-78.056389,4.842986
2007,1471949660,89.800385,12.046650,-133.805450,3.551847,-2.692609,-0.196201,-2.509918,-93.920616,4.240116
2008,1471966327,89.540001,11.972528,-135.616516,3.092735,-3.092844,-0.358153,7.101644,-108.825653,4.084699
2009,1471982994,89.416153,11.889919,-137.677811,2.358821,-3.181633,-0.068108,18.230146,-123.576538,4.109816
2010,1471999661,89.364311,11.799380,-140.000839,1.731150,-3.147064,0.195436,25.571194,-138.989349,4.240192
2011,1472016328,89.379776,11.706024,-142.572266,1.228197,-3.051685,0.147699,32.410023,-153.640076,4.209846
2012,1472032995,89.473488,11.600921,-145.389465,0.823789,-2.906731,0.155348,39.804333,-168.134811,4.917292
2013,1472049662,89.686020,11.487456,-148.467880,0.538630,-3.006485,0.090036,49.735294,-183.541809,5.752987
2014,1472066329,89.996758,11.389912,-151.845200,0.030267,-3.082273,0.541532,58.840019,-201.167099,5.581532
2015,1472082996,90.342323,11.279291,-155.468933,-0.719456,-2.999126,0.950356,63.460102,-215.696899,7.551311
2016,1472099663,90.580238,11.172147,-159.357010,-1.502995,-2.575403,1.315422,59.675472,-231.296112,8.558254
2017,1472116330,90.641464,11.080993,-163.497055,-2.063210,-2.185367,1.342171,51.593445,-246.183701,8.358078
2018,1472132997,90.551926,11.015269,-167.865356,-2.545654,-1.783869,1.051940,44.839390,-259.716064,6.915362
2019,1472149664,90.406883,10.981767,-172.444382,-2.855994,-1.699887,0.590450,43.701832,-272.203613,4.562428
2020,1472166331,90.267967,10.973532,-177.183212,-3.299136,-1.449681,0.438802,45.792343,-281.636597,2.436064
2021,1472182998,90.039742,10.985913,177.974655,-3.722844,-0.349115,0.838293,41.628162,-287.742584,0.321644
2022,1472199665,89.345329,11.030440,173.120911,-3.611238,2.732075,1.763722,13.952336,-288.373444,-3.907393
2023,1472216332,87.718071,11.118906,168.478333,-2.737622,5.703551,2.316429,-44.074627,-275.674896,-12.018224
2024,1472232999,85.317612,11.235662,164.399734,-1.467449,6.299515,1.511060,-96.499321,-241.735611,-21.292706
2025,1472249666,82.424812,11.440507,160.884232,-0.493771,5.764143,1.518606,-131.977829,-206.852310,-34.031063
2026,1472266333,79.536186,11.673921,157.825638,-0.763480,3.680199,0.441519,-136.410660,-177.911026,-41.759792
2027,1472283000,77.149940,11.883265,155.235855,-2.095963,2.211236,-0.894944,-111.314445,-148.966873,-42.789112
2028,1472299667,75.412865,12.034451,153.154297,-2.315208,3.170734,-1.712363,-78.210815,-119.066032,-37.553459
2029,1472316334,74.161186,12.143815,151.652817,-1.098577,5.289400,-1.506960,-56.095901,-85.794495,-29.231445
2030,1472333001,73.257515,12.219447,150.870163,0.276136,7.313990,-1.376323,-44.154812,-45.295631,-17.036045
2031,1472349668,72.676651,12.326122,150.797989,0.710003,7.992179,-0.506602,-33.744625,-4.663031,-7.181910
2032,1472366335,72.493065,12.480835,151.395523,0.119346,7.692844,-0.199330,-18.492222,33.712769,1.781712
2033,1472383002,72.808830,12.693058,152.599304,-0.522530,6.888786,-0.495401,3.464950,68.604858,9.003303
2034,1472399669,73.583412,12.958615,154.292725,-1.001290,6.079862,-0.367832,24.207846,96.982201,13.504721
2035,1472416336,74.626633,13.260590,156.385788,-1.306155,5.333320,-0.091138,34.423840,120.142853,16.176382
2036,1472433003,75.837318,13.597405,158.822311,-1.558037,4.739901,0.070390,39.025944,140.201584,16.795319
2037,1472449670,77.179237,13.954319,161.577789,-1.683799,4.384987,0.273237,41.502499,158.693588,16.719645
2038,1472466337,78.616837,14.305725,164.626007,-1.816928,3.729651,0.148665,41.982109,175.406494,16.640722
2039,1472483004,80.224014,14.639884,167.949097,-1.996570,2.814738,-0.161687,46.993355,191.024033,15.805304
2040,1472499671,82.009644,14.932775,171.513092,-2.028150,2.260438,-0.085139,52.972965,204.544083,14.631036
2041,1472516338,83.846596,15.191387,175.267548,-2.090774,2.144122,0.551155,52.098221,215.338654,11.449653
2042,1472533005,85.493507,15.426384,179.155258,-2.287142,1.887581,1.177038,37.665123,222.884903,6.931476
2043,1472549672,86.829308,15.628510,-176.926422,-2.388184,0.919219,0.917075,17.677717,224.377380,3.139672
2044,1472566339,87.885605,15.811082,-173.105362,-2.248552,-0.695981,0.695175,1.742424,218.524597,-0.685755
2045,1472583006,88.773224,15.970492,-169.418106,-1.974725,-2.021599,0.287243,-6.828748,210.523590,-3.268487
2046,1472599673,89.596207,16.113642,-165.878036,-1.320624,-2.377490,0.111712,-8.827714,201.789520,-5.587600
2047,1472616340,90.409607,16.252264,-162.445648,-0.878135,-2.086286,0.114115,-8.114148,195.337585,-8.223311
2048,1472633007,91.378235,16.402014,-159.098541,-0.347995,-2.313963,-0.301003,2.135956,190.120728,-11.875156
2049,1472649674,92.676926,16.586287,-155.764069,0.091693,-3.128681,-0.509725,21.577868,188.875916,-17.709745
2050,1472666341,94.301804,16.807436,-152.403870,0.721530,-3.440614,-0.010310,40.008713,189.498184,-24.859278
2051,1472683008,95.872040,17.058498,-149.076035,0.902894,-2.985596,1.270138,36.487766,186.469040,-31.790546
2052,1472699675,96.915733,17.343094,-145.888947,0.529474,-2.330521,1.763577,6.494371,177.181900,-37.151356
2053,1472716342,97.354713,17.625490,-142.892715,-0.333627,-2.341092,1.128812,-27.253347,165.577377,-37.941662
2054,1472733009,97.385796,17.872324,-140.177902,-0.742406,-2.316376,-0.229760,-47.375668,149.501114,-34.417290
2055,1472749676,97.345795,18.056562,-137.807159,-0.277869,-2.704235,-1.548860,-45.864407,130.326462,-28.140636
2056,1472766343,97.313179,18.180721,-135.884399,0.782627,-3.363856,-1.335014,-37.437099,105.341347,-21.210129
2057,1472783010,97.241913,18.225924,-134.499207,2.173188,-4.179069,-0.986272,-29.855284,75.506416,-12.525408
2058,1472799677,97.011673,18.169737,-133.683411,3.028108,-4.401873,-0.872046,-28.741812,44.085102,-2.258511
2059,1472816344,96.550316,17.992374,-133.431198,3.062907,-3.949227,-1.160735,-32.049236,13.065589,9.034645
2060,1472833011,96.031502,17.678740,-133.645844,3.115896,-3.606571,-1.834403,-26.883274,-12.606295,20.213539
2061,1472849678,95.583328,17.229387,-134.235382,3.139523,-3.341790,-2.110374,-16.005363,-33.322361,30.401398
2062,1472866345,95.200737,16.651285,-135.141800,3.102538,-3.133456,-1.904572,-6.859887,-51.024570,39.587914
2063,1472883012,94.839172,15.968127,-136.335449,3.080425,-2.943143,-1.663007,-1.349988,-67.390350,47.016846
2064,1472899679,94.490517,15.202422,-137.758392,3.064127,-2.905955,-1.455882,2.221187,-80.735062,52.649792
2065,1472916346,94.177658,14.394347,-139.361145,2.812394,-2.716899,-1.102773,5.973771,-91.556183,55.548672
2066,1472933013,93.868683,13.563354,-141.138290,2.446512,-2.433575,-0.688571,7.380383,-102.230003,57.178608
2067,1472949680,93.519035,12.720032,-143.097000,2.091233,-2.152039,-0.135213,5.883145,-113.461617,58.053917
2068,1472966347,93.146477,11.890949,-145.261108,1.994564,-2.039575,0.334315,5.446775,-126.272903,57.228481
2069,1472983014,92.867897,11.090815,-147.639450,2.310628,-2.297738,0.653908,11.825133,-139.646469,55.477428
2070,1472999681,92.741386,10.356252,-150.263870,2.443568,-2.776472,0.816049,21.803970,-154.888901,51.800579
2071,1473016348,92.707481,9.695087,-153.145782,1.886483,-2.888762,0.763080,28.143745,-170.711777,47.938995
2072,1473033015,92.735603,9.083060,-156.238373,1.114118,-2.397119,1.027820,32.016811,-183.633133,45.603882
2073,1473049682,92.713013,8.596927,-159.593948,0.372160,-1.687166,1.563389,29.633057,-199.845367,38.832809
2074,1473066349,92.638458,8.260701,-163.156342,-0.190883,-1.103926,1.795112,26.899061,-212.780212,30.275515
2075,1473083016,92.603203,8.076985,-166.942673,-0.317712,-0.977653,1.625976,30.203955,-226.639893,21.558304
2076,1473099683,92.665588,8.041453,-170.944611,-0.576788,-1.577839,1.587613,37.442192,-239.906387,13.333452
2077,1473116350,92.742035,8.124073,-175.143661,-1.172884,-1.723795,1.639729,40.044025,-251.907593,7.103219
2078,1473133017,92.637604,8.295103,-179.565231,-1.695219,-1.081679,1.945675,31.650410,-265.276459,2.369111
2079,1473149684,92.136299,8.531895,175.793640,-2.030851,-0.002891,2.004928,10.713271,-278.333313,-2.417360
2080,1473166351,91.193275,8.809956,170.978989,-2.242575,0.849368,1.758509,-12.956461,-288.459320,-8.070067
2081,1473183018,89.880066,9.092856,166.013199,-2.346366,1.203075,1.528872,-32.336826,-296.976868,-13.905305
2082,1473199685,88.253738,9.377477,160.966583,-2.458395,2.529615,1.731800,-48.864750,-301.067902,-21.631754
2083,1473216352,86.271767,9.596591,156.173218,-2.706395,4.167421,1.924742,-71.374832,-285.234528,-26.378565
2084,1473233019,84.104370,9.711159,151.948898,-2.588808,3.859094,0.587843,-87.391426,-250.935852,-27.529131
2085,1473249686,82.055565,9.804207,148.255539,-2.204643,3.586679,-0.028618,-85.226288,-218.654602,-31.592375
2086,1473266353,80.294815,9.891696,145.047623,-1.697348,4.715204,-0.515787,-72.585617,-189.097092,-34.031094
2087,1473283020,78.809120,9.981983,142.480087,-0.146149,6.965071,-0.653166,-62.414848,-150.762680,-32.617165
2088,1473299687,77.347527,10.081636,140.637741,1.210434,8.014227,-0.661732,-68.279922,-107.765938,-28.130775
2089,1473316354,76.048668,10.141526,139.642990,1.329549,7.311728,-1.826302,-67.261749,-58.845631,-16.834066
2090,1473333021,75.319473,10.166757,139.498138,0.760771,6.076719,-2.730946,-41.998932,-10.405380,-3.422327
2091,1473349688,75.377823,10.149098,140.181152,0.620003,5.605690,-2.613300,-3.482154,36.275063,11.367224
2092,1473366355,76.037399,10.107406,141.574112,0.833151,5.423269,-1.513324,25.141336,76.639931,22.860149
2093,1473383022,76.985832,10.056280,143.545731,0.752486,5.420034,-0.733190,36.485203,110.063263,30.258356
2094,1473399689,78.062164,10.005212,146.002441,0.141312,4.875714,-0.278118,39.216141,138.592590,34.448162
2095,1473416356,79.266365,9.963017,148.884537,-0.854981,3.938503,0.031443,42.601326,164.010361,36.046127
2096,1473433023,80.577888,9.969480,152.155777,-1.236003,3.369302,0.539656,45.066936,187.923279,33.526112
2097,1473449690,81.944557,10.025170,155.789215,-1.239359,3.164263,1.082363,44.511406,210.240402,29.396732
2098,1473466357,83.335419,10.120613,159.732178,-1.428424,2.769005,1.147902,42.444286,229.272766,24.239721
2099,1473483024,84.770393,10.245932,163.922989,-1.803517,2.303161,0.933597,42.026588,244.470535,18.246630
2100,1473499691,86.299179,10.411427,168.328857,-2.063050,1.992575,0.783296,44.724289,257.577271,10.436381
2101,1473516358,87.849442,10.626076,172.904053,-2.144483,1.794137,1.046929,43.307259,267.723755,1.010139
2102,1473533025,89.325539,10.884259,177.585617,-2.251606,1.267585,1.199833,36.567142,273.790497,-8.577557
2103,1473549692,90.685631,11.180707,-177.690613,-2.213260,0.214895,0.980186,27.804003,275.708710,-17.696447
2104,1473566359,91.893944,11.517714,-172.980911,-2.002413,-0.001094,1.070532,17.340406,274.049713,-26.320601
2105,1473583026,92.922249,11.877175,-168.340424,-2.225856,-0.201308,1.099277,5.709366,269.026978,-32.860462
2106,1473599693,93.675514,12.242042,-163.848328,-2.039858,-1.098891,1.272745,-10.637791,259.401398,-36.867085
2107,1473616360,93.723869,12.622207,-159.692719,-1.677951,-1.431065,1.637419,-50.278732,239.041702,-38.308884
2108,1473633027,93.123505,13.042714,-155.893051,-1.353763,-1.662933,0.855173,-86.150803,217.931030,-38.286549
2109,1473649694,92.233047,13.505821,-152.357361,-1.244638,-2.043331,0.260997,-101.631203,202.496063,-37.220757
2110,1473666361,91.380203,14.028012,-149.056580,-0.923323,-2.625991,0.289314,-97.801712,188.816269,-37.189167
2111,1473683028,90.724037,14.584618,-146.043228,-0.134075,-3.394642,0.351522,-83.566666,172.094101,-36.411144
2112,1473699695,90.260895,15.151998,-143.389572,0.931839,-4.027586,0.195647,-68.182877,151.132095,-35.164047
2113,1473716362,89.847870,15.697359,-141.168701,1.764173,-4.209548,-0.007713,-59.784645,125.965012,-32.640564
2114,1473733029,89.351196,16.197735,-139.423065,2.162791,-4.069452,-0.253729,-58.165134,98.453941,-29.112537
2115,1473749696,88.721794,16.625814,-138.136932,2.357445,-3.869971,-0.623012,-59.177326,71.987679,-24.229061
2116,1473766363,88.011009,16.959240,-137.269135,2.466071,-3.626942,-0.827580,-57.326256,47.937309,-18.367992
2117,1473783030,87.293076,17.179035,-136.772583,2.700263,-3.500075,-1.007431,-51.481037,26.520922,-11.801157
2118,1473799697,86.636879,17.286161,-136.610031,3.179693,-3.505563,-1.380338,-41.942142,7.163605,-5.714897
2119,1473816364,86.056099,17.275110,-136.762878,3.708064,-3.663473,-1.648883,-31.831312,-11.262193,0.316171
2120,1473833031,85.483452,17.146723,-137.225739,3.810636,-3.724718,-1.573920,-25.874836,-29.515099,5.941430
2121,1473849698,84.897186,16.921968,-137.969421,3.427478,-3.548007,-1.568475,-21.863810,-46.143330,10.078994
2122,1473866365,84.347122,16.616510,-138.944962,2.987355,-3.330808,-1.577382,-15.901832,-60.017147,13.215720
2123,1473883032,83.881523,16.228813,-140.134445,2.811887,-3.292020,-1.409750,-7.565142,-72.985268,16.343191
2124,1473899699,83.586861,15.777365,-141.523575,2.706192,-3.321856,-1.343306,5.468951,-85.104927,18.407604
2125,1473916366,83.568741,15.291952,-143.098480,2.608313,-3.476039,-1.302400,24.369894,-96.241577,18.987026
2126,1473933033,83.840424,14.793452,-144.861053,2.419266,-3.667356,-1.104719,43.876373,-107.315659,18.762489
2127,1473949700,84.295265,14.298717,-146.846497,2.088017,-3.793288,-0.632533,57.314220,-120.278938,17.843908
2128,1473966367,84.804176,13.804357,-149.090408,1.437118,-3.604562,-0.066442,63.302933,-135.358017,17.362535
2129,1473983034,85.255867,13.318002,-151.605560,0.694392,-3.185968,0.537127,62.549992,-151.200760,16.605215
2130,1473999701,85.666687,12.860629,-154.378662,0.199123,-2.775695,0.849312,62.379128,-166.256180,14.778375
2131,1474016368,86.119614,12.451931,-157.400925,-0.068118,-2.531864,0.910085,66.942482,-180.762878,12.037687
2132,1474033035,86.677086,12.111965,-160.673874,-0.250458,-2.626167,0.814558,75.247490,-195.315033,8.559278
2133,1474049702,87.329010,11.855320,-164.222397,-0.638363,-2.601784,1.055687,83.333801,-211.319931,4.751117
2134,1474066369,87.888481,11.671401,-168.051743,-1.316480,-2.109081,1.630584,80.414787,-227.735901,1.910505
2135,1474083036,88.238899,11.566848,-172.161438,-1.880509,-1.194759,2.035619,70.688370,-244.127609,-1.614890
2136,1474099703,88.302773,11.556931,-176.546417,-2.095187,-0.263131,1.948215,56.572090,-260.189209,-6.899417
2137,1474116370,88.139732,11.636096,178.817520,-2.171238,-0.028990,1.524269,46.154488,-274.731293,-12.914685
2138,1474133037,87.938141,11.777302,173.974457,-2.514515,-0.476304,0.963642,46.894768,-286.608612,-17.907085
2139,1474149704,87.753975,11.923005,168.942078,-3.042941,-0.488354,0.917792,50.987362,-297.504364,-19.541172
2140,1474166371,87.251663,12.022388,163.684418,-3.391615,0.544392,1.449596,35.347004,-310.570007,-19.101049
2141,1474183038,86.107040,12.052016,158.231812,-3.303066,1.981815,1.680235,-0.370085,-321.842133,-20.010073
2142,1474199705,84.265617,12.026294,152.701492,-2.624234,3.659395,1.469839,-41.153412,-326.034851,-25.403822
2143,1474216372,81.945312,11.965787,147.326950,-1.813541,4.629892,0.734025,-72.038506,-316.121826,-33.979832
2144,1474233039,79.546494,11.889286,142.321579,-1.380758,4.056824,-0.254491,-81.695869,-293.292969,-42.451683
2145,1474249706,77.394577,11.792508,137.798065,-1.233135,3.889035,-0.594216,-73.266891,-263.973755,-47.142277
2146,1474266373,75.553940,11.668440,133.890976,0.102216,5.422759,-0.174258,-62.636032,-227.437820,-46.196735
2147,1474283040,73.915520,11.539523,130.732971,2.003169,6.781003,0.043580,-60.045876,-183.623093,-41.169151
2148,1474299707,72.452530,11.475362,128.503906,3.107305,8.223380,0.013749,-60.937561,-129.078445,-34.010204
2149,1474316374,71.322357,11.504869,127.244186,3.326476,6.757626,-0.450076,-52.567123,-72.354736,-24.512003
2150,1474333041,70.765854,11.610922,126.925911,2.346221,5.621105,-1.226974,-29.347000,-18.118893,-11.915801
2151,1474349708,71.049973,11.797016,127.565857,1.975090,5.604487,-1.246126,9.497346,36.711796,1.911044
2152,1474366375,71.998627,12.080583,129.044357,2.241062,5.702494,-0.159223,38.828167,85.231651,11.519692
2153,1474383042,73.165421,12.464598,131.161240,1.949629,5.775733,0.489496,43.290619,122.844734,15.301422
2154,1474399709,74.513184,12.933242,133.811768,0.942946,5.431764,0.268660,46.208508,154.375198,16.299784
2155,1474416376,76.101700,13.490506,136.921555,-0.276220,4.677772,0.091114,52.983196,181.740616,13.850014
2156,1474433043,77.949272,14.131914,140.448181,-1.048899,4.050516,0.350084,60.668205,206.421753,8.746406
2157,1474449710,79.953079,14.827554,144.350449,-1.258432,3.982505,0.770838,62.017941,228.046631,2.590799
2158,1474466377,81.949280,15.543129,148.569244,-1.469642,3.975547,0.761360,53.812481,245.548553,-3.870429
2159,1474483044,83.924042,16.261961,153.062347,-1.944866,3.548944,0.444654,44.977318,260.151215,-10.812694
2160,1474499711,85.918106,16.958849,157.788635,-2.496288,2.680424,-0.057824,38.950958,271.926758,-17.481199
2161,1474516378,87.944183,17.630411,162.718826,-2.916512,1.957389,-0.049031,34.007946,281.733459,-25.000305
2162,1474533045,89.858040,18.251369,167.779572,-3.095746,1.592125,0.235321,21.693283,287.087402,-31.591875
2163,1474549712,91.401207,18.800783,172.893356,-3.234783,1.356724,0.744803,-4.483337,288.098816,-36.037125
2164,1474566379,92.215302,19.277897,177.874329,-3.358281,1.180560,0.985735,-48.184143,279.014221,-37.401428
2165,1474583046,92.431068,19.705742,-177.295349,-3.510213,0.181607,0.067924,-83.267174,269.500031,-36.594913
2166,1474599713,92.326233,20.096786,-172.581512,-3.322308,-0.935942,-0.427094,-102.056717,262.302979,-34.344662
2167,1474616380,91.814285,20.469845,-168.042648,-3.068409,-1.014039,0.088983,-124.603951,252.044724,-31.454115
2168,1474633047,90.704643,20.808956,-163.691559,-2.950547,-1.056102,0.240518,-158.064941,241.393585,-25.562262
2169,1474649714,89.141792,21.116394,-159.486694,-2.581258,-1.552149,-0.260332,-183.489197,233.219086,-17.973587
2170,1474666381,87.433014,21.386356,-155.363693,-2.352992,-1.826587,-0.497915,-191.645798,228.545883,-9.132078
2171,1474683048,85.889763,21.621199,-151.284042,-2.078568,-2.186834,-0.850746,-181.787231,225.779938,-0.625212
2172,1474699715,84.799759,21.833731,-147.261108,-1.630432,-2.934680,-0.557833,-154.233887,222.119049,5.676764
2173,1474716382,84.145218,22.041594,-143.415131,-1.054651,-3.454280,0.054619,-124.982002,211.845078,8.399204
2174,1474733049,83.824860,22.237822,-139.934845,-0.203677,-3.811019,0.190611,-97.434013,191.167496,8.759206
2175,1474749716,83.798706,22.396183,-136.958969,0.885550,-4.046865,0.102118,-68.910461,162.818146,8.561805
2176,1474766383,83.823235,22.465008,-134.615784,1.859075,-4.243176,0.268287,-51.727524,127.203026,10.107773
2177,1474783050,83.580101,22.398367,-132.985931,2.466832,-4.229726,0.394869,-51.483803,86.978073,14.096498
2178,1474799717,82.909554,22.203327,-132.012115,2.759445,-4.123278,0.156327,-62.004955,49.855091,18.184423
2179,1474816384,81.942619,21.901655,-131.571167,3.028728,-3.961060,-0.162614,-67.571198,19.464098,21.377518
2180,1474833051,80.956673,21.535391,-131.493881,3.546430,-3.976116,-0.533078,-60.520306,-1.467604,22.574413
2181,1474849718,80.114197,21.150866,-131.638885,3.941075,-4.028779,-0.653476,-47.058556,-14.251143,21.627146
2182,1474866385,79.457207,20.778393,-131.897751,3.837365,-3.752598,-0.795881,-33.567657,-20.715683,19.623760
2183,1474883052,78.994522,20.422785,-132.200455,3.611639,-3.235417,-1.136125,-21.104601,-23.177895,17.984915
2184,1474899719,78.723938,20.080736,-132.516785,3.690973,-2.964537,-1.393868,-9.417615,-23.928963,16.897171
2185,1474916386,78.682671,19.743433,-132.863083,3.986722,-2.892353,-1.757833,4.823970,-25.618216,16.224888
2186,1474933053,78.913399,19.387241,-133.275864,4.222540,-3.039451,-1.820264,22.338099,-29.548542,16.640623
2187,1474949720,79.432556,18.985973,-133.828583,4.487264,-3.314715,-1.801503,42.220779,-37.797340,17.980719
2188,1474966387,80.200653,18.547421,-134.557877,4.490817,-3.549873,-1.693730,60.310757,-47.949921,18.794931
2189,1474983054,81.098923,18.066111,-135.515137,3.789454,-3.569722,-1.250087,72.054108,-61.015694,19.865047
2190,1474999721,82.041420,17.529135,-136.766281,3.114249,-3.671896,-0.863686,79.588203,-77.955597,21.625114
2191,1475016388,83.058205,16.937527,-138.345886,2.752387,-3.956995,-0.489682,89.151917,-96.889061,23.695297
2192,1475033055,84.176567,16.304911,-140.304749,2.525763,-4.340917,0.002884,100.765656,-118.689003,25.440672
2193,1475049722,85.337646,15.646596,-142.699890,1.988189,-4.450834,0.582619,109.236130,-143.731873,26.951113
2194,1475066389,86.392883,14.978281,-145.600449,1.247823,-4.304749,1.135098,109.266762,-172.859894,28.137247
2195,1475083056,87.188751,14.327615,-149.037811,0.345597,-3.848867,1.401259,99.898460,-203.951096,28.058167
2196,1475099723,87.702072,13.724575,-152.979095,-0.578169,-3.127018,1.477769,88.078415,-233.369202,26.175385
2197,1475116390,88.004364,13.184722,-157.360458,-1.229301,-2.568795,1.604897,79.259979,-259.226227,23.054747
2198,1475133057,88.202751,12.718558,-162.104431,-1.690998,-2.240918,1.744581,75.653336,-280.708496,19.046877
2199,1475149724,88.275833,12.334840,-167.166656,-2.058288,-2.080648,1.933255,70.218193,-299.592010,14.185746
2200,1475166391,88.170792,12.043815,-172.460480,-2.777023,-1.603401,2.056972,60.727348,-313.395813,8.123318
2201,1475183058,87.861946,11.827146,-177.919495,-3.543870,-0.812047,2.015372,49.184158,-323.244568,2.207603
2202,1475199725,87.374168,11.690360,176.499252,-4.019591,0.124210,1.991027,38.967777,-330.428986,-5.109461
2203,1475216392,86.658745,11.616207,170.781174,-4.066008,1.150700,1.792738,26.385519,-338.318390,-12.724143
2204,1475233059,85.737770,11.559495,164.925873,-3.876678,1.387447,1.363897,15.345417,-346.148438,-19.100008
2205,1475249726,84.558067,11.506738,159.020844,-3.954329,1.908606,1.259639,0.116351,-348.701447,-25.885284
2206,1475266393,82.965080,11.402474,153.248718,-3.506159,3.247584,0.829357,-26.710793,-340.631012,-30.347153
2207,1475283060,80.955406,11.271314,147.790237,-2.477153,5.262699,0.674551,-56.080765,-321.599548,-36.808578
2208,1475299727,78.701973,11.127705,142.907761,-1.061219,6.634668,0.157189,-78.174431,-286.921875,-41.967953
2209,1475316394,76.481155,10.999885,138.664368,0.115661,6.999873,-0.256840,-84.251869,-248.218414,-45.916817
2210,1475333061,74.448044,10.913142,135.164368,0.357863,6.863755,-0.439501,-81.930199,-203.420105,-46.439281
2211,1475349728,72.832191,10.879648,132.556488,1.055989,7.235970,-0.315605,-67.221245,-150.518723,-41.100109
2212,1475366395,71.484627,10.909745,130.838531,2.176740,8.436875,0.268866,-61.206646,-98.312561,-32.503284
2213,1475383062,70.360313,10.901044,130.094910,2.646947,7.813659,-0.945494,-58.824944,-44.081375,-13.623330
2214,1475399729,69.647911,10.849558,130.262619,2.513001,7.126079,-1.437552,-44.419601,5.741005,6.462943
2215,1475416396,69.318420,10.735746,131.215393,1.978500,6.541114,-1.095900,-30.218529,47.718296,26.238398
2216,1475433063,69.285744,10.620057,132.802963,1.354838,6.139863,-0.297676,-19.328671,82.641365,39.722511
2217,1475449730,69.495178,10.582546,134.863159,0.637004,6.042692,-0.054899,-9.868828,110.473099,45.006107
2218,1475466397,70.126251,10.673828,137.349121,-0.161052,5.644909,-0.011292,10.678076,137.028671,45.570080
2219,1475483064,71.177208,10.920245,140.219482,-0.922274,5.200562,0.492584,31.136524,162.057831,42.203289
2220,1475499731,72.452072,11.287808,143.427765,-1.512515,4.691987,1.147948,39.772842,183.892014,38.098492
2221,1475516398,73.719193,11.721839,146.918671,-1.884446,4.075512,1.276705,34.621681,201.497864,34.889153
2222,1475533065,74.811470,12.160824,150.672028,-2.165673,3.470137,1.125791,19.328545,216.761108,34.479683
2223,1475549732,75.684723,12.582497,154.639542,-2.383413,2.916451,0.916620,1.801944,228.856445,34.820927
2224,1475566399,76.479362,13.004157,158.807068,-2.589126,2.259499,0.509715,-7.265810,240.317535,34.176411
2225,1475583066,77.336266,13.462317,163.123047,-2.755671,1.645728,0.584899,-7.432935,249.317810,30.413351
2226,1475599733,78.366447,13.961196,167.661499,-3.066030,1.051044,0.233772,-2.294526,262.478363,26.503666
2227,1475616400,79.643715,14.514168,172.418228,-3.173777,0.507510,0.140077,6.883862,275.442322,20.295115
2228,1475633067,81.092186,15.102708,177.357758,-3.202009,-0.123664,0.148878,11.595760,285.955414,13.242210
2229,1475649734,82.615349,15.707248,-177.609619,-3.156975,-1.140071,0.174772,11.621426,290.862762,5.469683
2230,1475666401,84.101738,16.328873,-172.562744,-3.089032,-1.798379,0.364697,6.070364,290.970703,-3.247828
2231,1475683068,85.469627,16.951836,-167.530014,-2.979747,-2.116531,0.332972,-3.947172,289.056854,-10.783425
2232,1475699735,86.661606,17.550117,-162.573532,-2.799527,-2.534083,0.024553,-16.220005,283.352020,-16.170893
2233,1475716402,87.679245,18.078861,-157.741882,-2.612674,-2.784682,-0.164485,-27.171253,274.771667,-17.901911
2234,1475733069,88.565186,18.549967,-153.105560,-2.209562,-3.398611,-0.353021,-33.796371,262.420898,-19.434536
2235,1475749736,89.495972,18.949619,-148.649887,-1.735136,-3.994821,-0.622254,-29.631926,251.074158,-19.526861
2236,1475766403,90.528267,19.285557,-144.442322,-1.016191,-4.425256,-0.628391,-20.300009,236.074814,-20.039860
2237,1475783070,91.655739,19.535799,-140.538956,-0.253830,-4.639045,-0.714928,-9.749996,218.101913,-19.055256
2238,1475799737,92.836067,19.676550,-137.006912,0.544621,-4.556002,-0.833214,0.129637,196.687637,-16.097342
2239,1475816404,93.998222,19.670900,-133.913528,1.393049,-4.262820,-1.139282,7.646096,172.025085,-9.916446
2240,1475833071,95.086121,19.532791,-131.347549,2.596937,-3.951802,-1.195282,14.016356,142.765747,-3.061849
2241,1475849738,95.980843,19.226011,-129.346420,3.480030,-4.241362,-1.475090,14.220769,112.034454,7.566135
2242,1475866405,96.539360,18.723225,-127.936478,4.228793,-3.761061,-0.741050,6.357541,80.340050,21.434479
2243,1475883072,96.510559,18.078794,-127.172577,4.466458,-3.438059,-0.729892,-15.869022,45.122322,33.647682
2244,1475899739,96.012054,17.342157,-126.979485,4.628906,-3.307642,-0.626819,-33.133198,13.300816,42.912163
2245,1475916406,95.315453,16.571600,-127.226471,4.727535,-3.251381,-0.594021,-37.196640,-12.041908,47.593204
2246,1475933073,94.613480,15.811507,-127.811142,4.871702,-3.153392,-0.287426,-32.088776,-32.118000,48.540367
2247,1475949740,94.034698,15.082556,-128.671967,5.136957,-3.084030,-0.307044,-20.751856,-48.847897,47.561985
2248,1475966407,93.612579,14.400544,-129.767700,5.232629,-3.005573,-0.432885,-8.409996,-63.220737,45.271965
2249,1475983074,93.367813,13.772322,-131.051743,5.051342,-3.037132,-0.532582,4.226135,-74.806633,42.384533
2250,1475999741,93.261284,13.204574,-132.509872,4.592010,-3.033403,-0.422836,14.148586,-85.478065,39.148998
2251,1476016408,93.198212,12.701220,-134.161148,4.034525,-3.029168,-0.255183,18.530531,-97.213196,35.824173
2252,1476033075,93.144051,12.249013,-136.043030,3.503924,-3.085755,-0.106110,21.224178,-111.079620,33.429153
2253,1476049742,93.102600,11.835943,-138.187424,3.060439,-3.206866,0.098609,24.415693,-126.804405,31.851255
2254,1476066409,93.119385,11.453914,-140.627945,2.581181,-3.325519,0.201787,30.603903,-144.470688,30.928350
2255,1476083076,93.220818,11.095237,-143.369736,2.002550,-3.423892,0.319242,38.270580,-162.409531,30.675337
2256,1476099743,93.396004,10.777292,-146.418243,1.233473,-3.326075,0.671433,45.218090,-180.704422,29.684303
2257,1476116410,93.578934,10.506490,-149.781616,0.252061,-3.145196,1.014487,48.232185,-199.484451,28.566458
2258,1476133077,93.784912,10.289739,-153.418930,-0.528275,-2.785556,1.437654,51.729984,-215.886154,27.055004
2259,1476149744,93.917091,10.144075,-157.335541,-1.220601,-2.341330,1.715543,49.584602,-232.654556,24.551233
2260,1476166411,94.004478,10.073894,-161.564728,-1.504053,-2.474213,1.565225,49.756992,-251.433716,21.764555
2261,1476183078,94.080948,10.075582,-166.092560,-1.963703,-2.801288,1.446846,52.082680,-269.322327,19.072824
2262,1476199745,94.074356,10.133105,-170.914154,-2.764819,-2.572263,1.273031,50.331833,-286.830109,17.135138
2263,1476216412,93.979630,10.236419,-175.985611,-3.540324,-1.593303,1.207975,48.096416,-301.700684,15.182384
2264,1476233079,93.697861,10.383833,178.755463,-4.019959,-0.155318,1.375591,39.550694,-312.846161,12.297538
2265,1476249746,93.129715,10.571384,173.370682,-4.002667,1.214910,1.257509,24.670673,-320.303650,8.026362
2266,1476266413,92.333199,10.776736,167.934860,-3.804788,1.594625,0.856069,12.647434,-323.236877,3.308838
2267,1476283080,91.369652,10.975957,162.555542,-3.606085,2.911808,0.680230,3.137540,-319.687378,-1.367378
2268,1476299747,90.160522,11.150774,157.436172,-3.127307,5.360473,0.828485,-13.535893,-304.081238,-6.130943
2269,1476316414,88.666283,11.219555,152.992554,-1.879070,7.141065,0.543081,-37.840076,-264.008026,-6.490311
2270,1476333081,86.914627,11.240246,149.220230,-1.356912,6.132425,0.225928,-60.902012,-224.311264,-9.506148
2271,1476349748,85.286705,11.252432,146.101883,-1.364457,5.237525,-0.416223,-61.055000,-185.555054,-12.933099
2272,1476366415,84.128914,11.281714,143.647171,-0.326550,6.596665,-0.730833,-40.555470,-146.182022,-14.812960
2273,1476383082,83.308098,11.305993,141.928452,1.354971,8.848338,-0.912249,-28.901154,-102.873787,-12.274964
2274,1476399749,82.723938,11.271905,141.093079,2.597767,9.121053,-1.285463,-25.051739,-51.542583,-3.733991
2275,1476416416,82.431450,11.177238,141.093124,2.498072,7.866474,-1.877667,-17.323566,-3.232839,5.823304
2276,1476433083,82.582367,11.008245,141.842636,1.553348,6.490931,-1.974554,0.661548,39.942799,15.980989
2277,1476449750,83.008530,10.797374,143.187073,0.939001,5.454363,-0.847875,10.600270,74.510391,22.643099
2278,1476466417,83.380318,10.586987,145.007355,0.518676,5.105366,0.220693,2.358414,102.588432,25.397146
2279,1476483084,83.602142,10.428532,147.251678,-0.064592,4.659688,0.627877,-10.914012,127.995163,24.590334
2280,1476499751,83.791130,10.360135,149.895523,-0.746805,4.041847,0.795027,-16.924082,152.155487,21.337172
2281,1476516418,84.101273,10.390193,152.940598,-1.254186,3.535195,0.834052,-13.923999,176.434631,17.282513
2282,1476533085,84.669220,10.505120,156.388474,-1.430088,3.153791,0.730910,-3.053764,200.665085,13.162944
2283,1476549752,85.545685,10.675864,160.193649,-1.580046,2.591962,0.795297,11.017553,221.991592,9.054190
2284,1476566419,86.693779,10.902255,164.283981,-1.795962,2.005977,0.806993,23.337917,238.969299,2.886837
2285,1476583086,88.026009,11.190104,168.600235,-1.880854,1.921539,1.140087,30.711641,252.220398,-5.412607
2286,1476599753,89.369133,11.530321,173.044586,-1.967572,1.582402,1.336209,28.467892,259.357025,-14.325055
2287,1476616420,90.635674,11.932573,177.498672,-1.897742,1.054945,1.397359,22.075026,259.180450,-23.995958
2288,1476633087,91.890045,12.412648,-178.092438,-2.057957,0.145894,0.976401,19.909901,255.414551,-34.334740
2289,1476649754,93.257164,12.956621,-173.741470,-2.230249,-0.722492,0.892500,25.134926,250.484406,-43.868252
2290,1476666421,94.488113,13.546243,-169.566727,-2.025090,-1.020563,1.261437,16.875940,238.388687,-51.582027
2291,1476683088,95.376427,14.214655,-165.686691,-1.954796,-1.154274,1.246982,-2.104338,219.251129,-59.198452
2292,1476699755,95.903961,14.944145,-162.085999,-1.928789,-1.030227,1.169680,-22.280033,201.304626,-63.913128
2293,1476716422,96.160599,15.711164,-158.750900,-1.451785,-1.762257,0.583821,-37.038750,184.606308,-65.848511
2294,1476733089,96.252357,16.481592,-155.678024,-0.795147,-2.623460,-0.051836,-45.162029,168.651230,-64.906532
2295,1476749756,96.328461,17.249428,-152.860779,-0.333763,-2.886081,-0.242150,-44.033123,153.276535,-63.313560
2296,1476766423,96.246269,17.986616,-150.330170,-0.254039,-2.753239,0.114431,-50.454742,136.528137,-59.607525
2297,1476783090,95.899849,18.669483,-148.079880,0.065736,-2.994030,-0.078084,-62.824039,120.657478,-54.095703
2298,1476799757,95.368874,19.295219,-146.075790,0.294416,-3.146809,-0.786152,-70.562805,107.003250,-48.319511
2299,1476816424,94.851112,19.873095,-144.311752,0.712201,-3.230463,-1.057779,-66.151848,93.772774,-43.210209
2300,1476833091,94.401306,20.388535,-142.774887,1.116118,-3.456393,-1.291950,-58.351570,81.336983,-37.601761
2301,1476849758,94.012627,20.820530,-141.489853,1.674395,-3.582199,-1.410028,-50.097824,67.597435,-30.937674
2302,1476866425,93.632561,21.135817,-140.485672,2.165250,-3.646650,-1.584689,-44.044178,52.402401,-22.419554
2303,1476883092,93.253761,21.306515,-139.781815,2.646748,-3.760318,-1.883546,-37.703850,36.208538,-12.380294
2304,1476899759,92.901871,21.319897,-139.377319,2.970605,-3.793343,-2.017106,-29.648407,20.052265,-1.807035
2305,1476916426,92.630157,21.177807,-139.276093,3.049872,-3.782369,-2.107303,-18.238342,3.575902,8.453707
2306,1476933093,92.426666,20.878765,-139.480515,2.945591,-3.630821,-1.995387,-7.569297,-13.136189,18.644077
2307,1476949760,92.302925,20.441233,-139.987549,2.776505,-3.556760,-1.872624,3.527780,-29.861919,27.618879
2308,1476966427,92.291138,19.871094,-140.789322,2.723880,-3.568983,-1.750923,16.065895,-46.263729,36.208111
2309,1476983094,92.317696,19.185854,-141.901855,2.639549,-3.541887,-1.606968,24.080097,-63.714104,43.828148
2310,1476999761,92.368568,18.408997,-143.318512,2.472116,-3.614736,-1.391675,30.594633,-81.008881,50.081932
2311,1477016428,92.400124,17.567516,-145.026489,1.978726,-3.510944,-0.927556,33.673805,-97.807228,54.722233
2312,1477033095,92.435265,16.702368,-146.993652,1.594716,-3.333479,-0.530991,36.992893,-113.011932,56.843773
2313,1477049762,92.508202,15.829090,-149.202362,1.185177,-3.070822,-0.236928,41.592480,-127.364250,58.060516
2314,1477066429,92.617516,14.957771,-151.655487,0.817744,-2.688871,0.078086,45.708405,-141.950928,58.800205
2315,1477083096,92.804779,14.111343,-154.358047,0.741739,-2.762264,0.239271,51.996357,-156.910965,58.385292
2316,1477099763,93.103508,13.326279,-157.343750,0.534436,-3.031946,0.408576,60.456589,-173.894821,56.246662
2317,1477116430,93.547752,12.581051,-160.562607,0.059162,-3.076826,0.930136,69.982903,-187.828491,55.799541
2318,1477133097,94.037117,11.896998,-164.029953,-0.653328,-2.628115,1.604935,73.484657,-202.675018,54.649117
2319,1477149764,94.473854,11.304515,-167.746033,-1.342477,-1.883904,2.116707,71.051109,-217.688522,51.911991
2320,1477166431,94.811798,10.834965,-171.687683,-1.833327,-1.022344,2.134848,65.692482,-231.574997,47.126991
2321,1477183098,95.041466,10.497269,-175.842850,-1.998871,-0.411027,1.917914,59.935349,-244.871552,41.494648
2322,1477199765,95.198845,10.298835,179.771011,-2.074097,-0.636409,1.606975,56.953274,-259.266022,35.231899
2323,1477216432,95.368126,10.223387,175.181381,-2.304088,-0.577240,1.338197,59.226704,-271.919891,29.741339
2324,1477233099,95.438141,10.230339,170.466873,-2.563648,0.630804,1.281549,54.444286,-279.698975,26.085604
2325,1477249766,95.224693,10.284731,165.690720,-2.252301,2.298020,1.283925,38.256912,-283.586487,23.243225
2326,1477266433,94.532463,10.297851,160.834244,-1.907099,4.081425,1.310916,10.588453,-288.238892,23.887177
2327,1477283100,93.296043,10.234259,155.976807,-1.054237,6.099154,1.682228,-22.139042,-288.352112,23.663969
2328,1477299767,91.804832,10.180764,151.359650,-0.195405,7.793289,1.273052,-40.239597,-274.744232,15.611055
2329,1477316434,90.157692,10.122343,147.140930,0.040680,8.038230,0.549877,-54.045200,-251.569260,8.028295
2330,1477333101,88.719231,10.027009,143.488907,0.368197,7.121994,-0.176700,-47.786659,-218.302155,3.840334
2331,1477349768,87.626923,9.907227,140.452118,0.494189,6.458729,-0.859233,-33.798569,-182.100739,1.676676
2332,1477366435,86.879814,9.655879,138.123962,1.238361,6.722993,-1.091355,-20.876741,-140.727097,8.659422
2333,1477383102,86.227432,9.268370,136.598953,2.051227,6.810630,-0.854625,-23.861969,-93.989822,17.955572
2334,1477399769,85.626503,8.782633,135.950699,1.862958,5.575612,-1.024137,-29.688028,-42.881966,26.496883
2335,1477416436,85.255470,8.200307,136.112381,0.676691,4.286042,-1.527124,-23.406050,4.295694,35.730762
2336,1477433103,85.476250,7.704288,137.167313,0.399689,3.652168,-1.446850,4.793295,57.584190,34.854313
2337,1477449770,86.294449,7.375589,139.045471,1.057863,3.898584,-0.166780,34.619495,107.511276,27.802687
2338,1477466437,87.369118,7.259786,141.651627,0.878639,4.143766,1.495234,44.890800,151.979065,15.620694
2339,1477483104,88.320290,7.353817,144.843185,0.265928,3.983510,2.230939,33.064579,187.521179,1.616413
2340,1477499771,89.164307,7.610196,148.493668,-0.798576,3.053429,1.679857,22.486792,214.963028,-10.499022
2341,1477516438,90.107231,8.009877,152.557831,-1.250386,2.307185,1.218856,23.814287,239.240601,-22.326056
2342,1477533105,91.156906,8.555614,156.981232,-0.918236,2.568385,1.675840,25.130135,259.766083,-35.509968
2343,1477549772,92.189163,9.205954,161.692429,-1.020774,2.843737,1.611342,18.689842,275.539948,-47.015278
2344,1477566439,93.215729,9.916716,166.650635,-1.665580,2.308043,0.867340,12.589660,288.527313,-56.272892
2345,1477583106,94.286751,10.687152,171.797821,-2.129944,1.580481,0.511079,9.447660,297.686340,-65.835159
2346,1477599773,95.396729,11.524446,177.054810,-2.320370,1.006792,0.542359,6.266985,301.677643,-75.994453
2347,1477616440,96.396240,12.382594,-177.628937,-2.488132,0.980848,0.980129,-5.658222,302.640808,-83.073273
2348,1477633107,97.009453,13.219894,-172.412567,-2.764392,0.830466,1.260075,-32.095825,294.776001,-85.306000
2349,1477649774,97.256973,14.008751,-167.378235,-3.142363,0.140782,0.696421,-55.766087,282.958374,-83.201790
2350,1477666441,97.399315,14.762208,-162.559219,-3.039348,-0.904727,-0.119355,-62.805374,269.557831,-80.338776
2351,1477683108,97.652657,15.464374,-158.017502,-2.768389,-1.286560,-0.181483,-55.364159,252.827484,-75.997459
2352,1477699775,97.897568,16.106855,-153.873566,-2.576068,-1.270832,0.063416,-52.459442,229.388519,-70.335709
2353,1477716442,97.973404,16.659615,-150.236115,-2.391083,-1.482102,-0.238816,-56.525604,200.340164,-61.529835
2354,1477733109,97.848335,17.120655,-147.167862,-1.777032,-2.040043,-0.581725,-60.506939,168.222137,-51.420715
2355,1477749776,97.484825,17.466139,-144.673431,-1.178958,-2.611721,-0.744006,-65.824516,136.405273,-39.387691
2356,1477766443,96.790459,17.688103,-142.778549,-0.724860,-2.791853,-0.609271,-75.525208,103.425873,-26.463211
2357,1477783110,95.737282,17.770901,-141.420074,-0.211867,-2.901443,-0.827044,-87.555252,74.169212,-13.193990
2358,1477799777,94.410912,17.706812,-140.479065,0.358469,-3.091980,-0.864127,-96.340950,51.442207,-0.713433
2359,1477816444,93.000786,17.509949,-139.831818,1.132633,-3.536674,-1.056199,-95.926125,35.238232,9.604037
2360,1477833111,91.765671,17.205578,-139.359436,1.919148,-4.057009,-1.279214,-82.154366,25.325502,17.330156
2361,1477849778,90.823845,16.812103,-138.990585,2.554219,-4.424973,-1.299129,-62.597351,19.212933,23.330780
2362,1477866445,90.149429,16.355824,-138.726776,2.845157,-4.455527,-1.371578,-44.624775,12.925779,27.452248
2363,1477883112,89.647133,15.871893,-138.582596,2.960925,-4.254576,-1.440368,-32.204433,5.764593,29.255863
2364,1477899779,89.193489,15.373652,-138.590073,3.052780,-4.051541,-1.488409,-26.789171,-3.230011,30.093912
2365,1477916446,88.740532,14.858257,-138.773987,3.186673,-3.830761,-1.726638,-24.017469,-13.703172,30.933409
2366,1477933113,88.293335,14.304834,-139.146194,3.337537,-3.610214,-2.023692,-20.949949,-24.974529,32.842556
2367,1477949780,87.927437,13.700894,-139.719849,3.683560,-3.587681,-2.409750,-13.390132,-37.083149,35.326813
2368,1477966447,87.752602,13.015871,-140.463348,3.969908,-3.728998,-2.534149,0.023647,-47.425480,39.651825
2369,1477983114,87.761696,12.261051,-141.401321,3.860249,-3.557579,-2.251551,13.037342,-59.154472,43.326576
2370,1477999781,87.920074,11.428329,-142.545578,3.568651,-3.384683,-1.962304,23.748472,-71.531403,47.624207
2371,1478016448,88.222618,10.537499,-143.910538,3.235750,-3.239276,-1.474605,33.884346,-84.657295,50.949013
2372,1478033115,88.646820,9.621004,-145.519318,2.801100,-3.154184,-0.624501,42.451839,-99.011581,52.615692
2373,1478049782,89.132690,8.706438,-147.411926,2.518146,-3.098907,0.058230,47.324364,-115.658340,52.940559
2374,1478066449,89.699097,7.821561,-149.630692,2.490260,-3.313691,0.417235,53.185291,-134.779221,52.003292
2375,1478083116,90.375702,7.000048,-152.233032,2.454283,-3.827062,0.692889,60.783772,-157.307373,49.656864
2376,1478099783,91.113846,6.228395,-155.187836,1.781113,-3.994437,1.113833,64.734589,-177.986893,48.859032
2377,1478116450,91.840576,5.544819,-158.509293,1.001363,-3.383966,1.925874,64.049286,-199.602646,46.396027
2378,1478133117,92.446548,4.989124,-162.183655,0.326254,-2.758883,2.574601,56.590443,-220.615616,41.825737
2379,1478149784,92.945686,4.601440,-166.184311,-0.323745,-2.074782,3.030951,50.003883,-240.325974,34.796478
2380,1478166451,93.386543,4.411952,-170.465012,-0.796429,-1.645470,2.907245,46.620735,-257.514709,25.818933
2381,1478183118,93.787605,4.421695,-175.016830,-1.137956,-1.480804,2.753182,45.086201,-274.289978,16.794439
2382,1478199785,94.172485,4.607255,-179.858200,-1.608547,-1.951487,2.412278,45.949394,-292.133881,9.350221
2383,1478216452,94.462997,4.935081,175.059479,-2.276168,-1.761750,2.485843,42.791256,-306.965637,3.637307
2384,1478233119,94.449730,5.385742,169.772308,-2.751376,-0.089371,2.543706,27.749063,-319.566864,-2.022203
2385,1478249786,93.689255,5.962245,164.365295,-2.267290,2.878550,3.054670,-13.496013,-326.953613,-11.195034
2386,1478266453,91.972092,6.620819,158.966980,-1.621651,3.913765,2.571981,-67.408585,-325.988495,-23.166447
2387,1478283120,89.535004,7.309524,153.720505,-1.828256,2.789495,1.499332,-107.871178,-315.489502,-36.812881
2388,1478299787,86.715729,8.027823,148.557983,-2.547386,1.183823,1.076331,-127.609474,-307.931152,-52.726940
2389,1478316454,83.866272,8.769820,143.486084,-3.599947,0.871703,0.581541,-126.298340,-298.905182,-68.699707
2390,1478333121,81.584236,9.440011,138.886261,-2.916465,3.099002,-0.416217,-93.063477,-267.751373,-74.026237
2391,1478349788,79.886047,10.050166,134.968140,-0.186404,5.929297,-0.000411,-61.939781,-225.303528,-73.086990
2392,1478366455,78.542877,10.597816,131.782104,1.091547,6.171939,-0.776547,-46.166794,-181.122879,-67.150993
2393,1478383122,77.748505,11.112757,129.336777,0.937744,5.510501,-1.904738,-19.855354,-137.196335,-59.538185
2394,1478399789,77.654999,11.606207,127.575912,0.414417,4.861624,-2.338685,15.390090,-97.414085,-50.714188
2395,1478416456,78.022331,11.995470,126.426323,0.429924,4.776490,-1.478688,36.352730,-63.591309,-36.799206
2396,1478433123,78.317993,12.319255,125.809242,1.045212,5.623673,0.022855,25.756138,-33.941597,-26.197273
2397,1478449790,78.463692,12.563448,125.789001,1.234471,5.307347,-0.292300,9.243729,-0.713353,-14.376435
2398,1478466457,78.907959,12.780482,126.407257,0.719799,4.969131,-1.334600,18.774248,35.555027,-5.471762
2399,1478483124,79.943207,13.045698,127.644981,0.364313,4.616498,-1.699627,45.787342,71.593582,-2.180003
2400,1478499791,81.423248,13.368743,129.427246,0.271980,4.610938,-0.877153,64.650291,103.396240,-2.109227
2401,1478516458,82.951538,13.720902,131.685913,0.468991,4.861736,0.099273,60.245575,130.923996,-2.874660
2402,1478533125,84.269951,14.076259,134.384277,0.523565,5.090017,0.555587,40.522396,156.086319,-3.561581
2403,1478549792,85.331482,14.414991,137.491638,-0.035173,4.734127,0.436997,18.141586,179.325424,-3.738115
2404,1478566459,86.283684,14.736093,141.010513,-0.669404,4.163997,-0.073943,4.344524,202.738678,-4.155264
2405,1478583126,87.423653,15.066011,144.987045,-0.832166,4.049008,0.039161,7.399540,228.833527,-6.995187
2406,1478599793,88.811165,15.400897,149.412277,-0.764975,4.391319,0.459588,13.848532,254.230957,-11.551885
2407,1478616460,90.369484,15.735421,154.218918,-1.125721,4.208308,0.321175,16.468187,275.494965,-17.966684
2408,1478633127,92.142601,16.071634,159.357941,-1.814891,3.478700,0.066297,22.271908,293.571838,-26.545454
2409,1478649794,94.062447,16.402279,164.754471,-2.159264,2.804326,0.452346,25.040335,306.875763,-36.503807
2410,1478666461,95.826218,16.720055,170.262283,-2.365947,2.459189,0.967915,12.038909,311.466003,-46.154579
2411,1478683128,97.187035,17.017952,175.769958,-2.584147,2.267504,1.336370,-13.807871,309.716400,-53.442596
2412,1478699795,98.057289,17.344074,-178.826706,-2.920980,1.912780,1.659008,-43.075020,301.939911,-60.310886
2413,1478716462,98.578178,17.729563,-173.554611,-3.204901,0.864526,1.865586,-63.558880,292.654449,-66.338493
2414,1478733129,98.865395,18.179771,-168.464340,-3.204562,-0.425800,2.458048,-76.395363,280.640106,-70.562691
2415,1478749796,98.770493,18.700680,-163.670380,-2.816869,-1.409380,2.528245,-96.145164,262.421906,-72.507950
2416,1478766463,98.355789,19.277584,-159.195343,-2.251768,-2.365951,1.261497,-111.711075,243.472015,-71.815460
2417,1478783130,97.907570,19.889650,-155.031342,-1.505698,-3.358800,0.497240,-110.109474,225.398666,-69.424896
2418,1478799797,97.551468,20.556322,-151.207123,-0.573399,-3.995880,0.799603,-100.175354,205.546524,-68.360565
2419,1478816464,97.261391,21.309006,-147.829605,0.330700,-4.365797,0.959112,-89.321045,179.444321,-68.942329
2420,1478833131,97.034065,22.079426,-144.908005,0.971356,-4.759758,0.346699,-77.980759,153.430756,-65.886864
2421,1478849798,96.691902,22.837275,-142.549896,1.732426,-4.733033,-0.032624,-74.144028,121.941856,-60.522217
2422,1478866465,96.130341,23.533884,-140.793976,2.237420,-4.871982,-1.003272,-74.764107,89.128761,-52.101620
2423,1478883132,95.360886,24.142397,-139.616272,2.472586,-4.789294,-1.431373,-74.345032,58.204166,-42.548218
2424,1478899799,94.396957,24.621641,-138.954803,2.733122,-4.921152,-1.821495,-73.867134,31.105509,-31.477152
2425,1478916466,93.330978,24.968960,-138.726578,2.950819,-5.111580,-2.008766,-69.377151,8.533192,-21.381924
2426,1478933133,92.324181,25.148275,-138.816925,3.177642,-5.147759,-2.430348,-57.817436,-7.913793,-10.258025
2427,1478949800,91.579727,25.184242,-139.137115,3.235901,-5.082520,-2.701743,-36.234619,-19.930845,-1.320355
2428,1478966467,91.185654,25.122152,-139.603821,3.008484,-4.809587,-2.725891,-11.507043,-27.740925,4.578893
2429,1478983134,90.976982,24.961309,-140.192307,2.782416,-4.524536,-2.629848,2.633286,-34.301895,10.494473
2430,1478999801,90.774223,24.684813,-140.917221,2.631648,-4.169697,-2.698640,6.269491,-41.719105,17.431303
2431,1479016468,90.612823,24.291750,-141.754028,2.559467,-3.964195,-2.905702,11.281792,-47.915672,24.375118
2432,1479033135,90.594208,23.773745,-142.683716,2.413409,-3.640140,-2.911030,21.734827,-53.139748,31.856249
2433,1479049802,90.751587,23.127869,-143.718933,2.402858,-3.399477,-2.708916,34.271946,-59.051765,39.662476
2434,1479066469,91.095055,22.347839,-144.878525,2.207423,-3.267824,-2.219875,47.598553,-65.945435,48.076912
2435,1479083136,91.637146,21.461515,-146.210342,1.942796,-3.341955,-1.445560,62.411884,-75.386070,55.182957
2436,1479099803,92.389702,20.507570,-147.767883,1.834683,-3.540683,-0.810582,78.667526,-87.729660,60.520874
2437,1479116470,93.349777,19.531530,-149.602188,1.699059,-3.909710,-0.047290,95.317062,-102.890106,63.925606
2438,1479133137,94.473366,18.587643,-151.752548,1.268347,-4.092758,0.870240,109.557823,-120.341431,65.085167
2439,1479149804,95.636040,17.705439,-154.276901,0.578147,-3.755813,1.755517,116.919342,-141.244354,65.676727
2440,1479166471,96.729942,16.924881,-157.200241,-0.088307,-3.164279,2.512838,117.806450,-163.975861,64.871712
2441,1479183138,97.776443,16.284071,-160.508896,-0.529725,-2.752479,2.835034,119.479256,-186.402634,62.442272
2442,1479199805,98.906143,15.788744,-164.158417,-0.870752,-2.494853,2.645900,128.219055,-206.462936,60.227585
2443,1479216472,100.139748,15.459208,-168.145142,-1.217960,-2.072462,2.568245,138.372849,-226.451874,57.915764
2444,1479233139,101.372505,15.284958,-172.456375,-1.682220,-1.304916,2.546314,142.459564,-245.614258,57.137600
2445,1479249806,102.396706,15.310585,-177.104218,-2.048712,-0.416272,2.589797,134.958435,-266.064789,54.222710
2446,1479266473,103.102943,15.526080,177.956696,-2.316185,0.277614,2.272833,121.104706,-284.004425,50.783680
2447,1479283140,103.422775,15.945183,172.755356,-2.486562,1.217873,2.087934,103.796410,-300.641388,44.801842
2448,1479299807,103.284836,16.546965,167.382599,-2.257095,2.788346,1.936549,81.912888,-311.967865,36.729324
2449,1479316474,102.591652,17.304100,161.956772,-1.527814,4.455432,1.855198,53.234764,-316.197479,25.844616
2450,1479333141,101.381622,18.170996,156.628784,-1.110549,4.352530,1.452330,24.891764,-311.138611,12.747644
2451,1479349808,99.841347,19.055668,151.501373,-1.169757,3.574113,1.082449,5.912793,-298.830261,1.899876
2452,1479366475,98.096107,19.886311,146.686172,-0.555747,4.877679,0.813704,-8.249306,-279.322357,-6.393602
2453,1479383142,96.164795,20.597174,142.398376,0.217045,5.963709,0.309784,-26.692474,-247.300858,-12.009384
2454,1479399809,94.100197,21.187040,138.723099,0.713742,5.635144,-0.012742,-45.039871,-210.857498,-16.492762
2455,1479416476,92.160446,21.699558,135.634750,0.228399,4.436508,-0.695245,-48.431377,-176.401321,-20.982016
2456,1479433143,90.872108,22.149508,133.145157,-0.473130,3.556905,-1.505050,-21.311146,-141.734467,-23.036533
2457,1479449810,90.321556,22.510015,131.237991,-0.244139,3.773775,-1.564425,10.658565,-108.568016,-20.260317
2458,1479466477,90.102989,22.752171,129.902039,0.730278,4.500878,-1.393199,17.954105,-76.533821,-14.006837
2459,1479483144,89.891182,22.881872,129.089615,1.454148,4.595036,-1.379880,6.429833,-47.418335,-7.554759
2460,1479499811,89.693176,22.926754,128.774582,1.289614,4.166870,-1.693416,-4.271257,-19.881184,-2.541885
2461,1479516478,89.697945,22.885202,128.934021,0.814604,3.693456,-1.852026,-3.172594,6.330199,2.739272
2462,1479533145,89.857918,22.769238,129.505569,0.540740,3.494544,-1.400165,-3.423686,29.109777,7.267083
2463,1479549812,89.917114,22.597025,130.392273,0.383287,3.356141,-0.859493,-16.669895,46.596992,10.603158
2464,1479566479,89.773598,22.384315,131.621292,0.339777,3.400311,-0.505889,-36.508358,65.630142,13.110021
2465,1479583146,89.533813,22.138668,133.198654,0.149187,3.130251,-0.406334,-49.923992,85.040573,15.421185
2466,1479599813,89.462700,21.880619,135.156540,-0.011341,3.042577,-0.496716,-47.964504,106.320290,16.580853
2467,1479616480,89.751976,21.622732,137.528503,-0.313318,2.865119,-0.442388,-35.045055,129.613693,16.516064
2468,1479633147,90.393806,21.373632,140.298172,-0.554519,2.830470,-0.054502,-22.048615,152.184082,14.880609
2469,1479649814,91.300034,21.139559,143.443939,-0.724810,2.829222,0.192299,-13.708249,173.634918,11.569558
2470,1479666481,92.319168,20.923565,146.907578,-1.078997,2.374252,0.717480,-13.076233,191.825623,6.950816
2471,1479683148,93.245300,20.752413,150.549973,-1.216141,1.900391,1.166489,-21.806343,202.051376,0.466264
2472,1479699815,93.980293,20.654551,154.282059,-1.398944,1.479469,1.166595,-34.685154,206.960236,-7.212710
2473,1479716482,94.503296,20.625704,158.044189,-1.563479,0.974863,1.230898,-47.793755,208.323273,-13.766953
2474,1479733149,94.895645,20.691572,161.865875,-2.042652,0.221212,1.172286,-56.958164,211.061142,-21.379726
2475,1479749816,95.259552,20.817154,165.738083,-2.082172,-0.594129,1.122005,-60.093090,213.277023,-26.590176
2476,1479766483,95.665894,20.998896,169.628433,-1.804001,-1.346881,0.950526,-58.525604,213.569382,-31.463703
2477,1479783150,96.273895,21.217552,173.569885,-1.506810,-2.004460,0.562479,-48.295769,215.588638,-35.834351
2478,1479799817,97.017654,21.458830,177.565918,-1.323786,-1.138363,0.662349,-42.241890,217.696106,-40.056911
2479,1479816484,97.687431,21.716911,-178.395462,-1.601995,-0.341797,0.008665,-48.598549,219.029846,-44.016735
2480,1479833151,98.312401,21.959379,-174.313507,-1.813242,-0.174253,-1.162582,-53.235298,220.643921,-45.864494
2481,1479849818,98.764557,22.199450,-170.315262,-1.953389,-0.171554,-0.904958,-62.663597,215.237183,-47.066334
2482,1479866485,99.027008,22.459801,-166.482346,-1.676840,-0.984556,-0.877237,-71.245705,205.299927,-48.142162
2483,1479883152,99.255890,22.691761,-162.845581,-1.192546,-1.958897,-0.337352,-69.654129,194.251633,-45.561874
2484,1479899819,99.386497,22.876467,-159.504578,-0.666609,-2.326284,0.105886,-69.413185,178.118393,-40.679207
2485,1479916486,99.447723,22.984653,-156.499573,-0.042196,-2.435074,-0.141729,-66.200150,160.281342,-33.377899
2486,1479933153,99.553627,22.997335,-153.826614,0.516810,-2.561991,-0.475744,-55.931870,143.023422,-24.922644
2487,1479949820,99.733963,22.926563,-151.538895,1.011562,-2.559137,-0.400997,-42.382462,122.841476,-16.785645
2488,1479966487,99.917442,22.780680,-149.704285,1.471379,-2.611858,-0.207220,-31.408850,98.967567,-8.478793
2489,1479983154,100.018486,22.558220,-148.385651,1.772419,-2.584237,0.032080,-24.111513,71.732864,0.720865
2490,1479999821,99.949318,22.262978,-147.618073,2.068358,-2.790832,0.272640,-21.406893,42.524860,10.281748
2491,1480016488,99.787682,21.914530,-147.352890,2.454175,-3.277186,0.201812,-15.397156,15.625793,18.293825
2492,1480033155,99.657135,21.563812,-147.501694,2.514380,-3.599893,0.178087,-4.264612,-7.100686,22.368095
2493,1480049822,99.482338,21.224840,-148.030945,2.306365,-3.463067,0.247186,1.338008,-28.260849,25.202505
2494,1480066489,99.090004,20.891535,-148.928909,1.882503,-3.028268,0.243381,-3.959678,-48.883640,28.082134
2495,1480083156,98.464523,20.566086,-150.135269,1.630989,-2.716805,0.059423,-11.702718,-66.424141,29.863117
2496,1480099823,97.718834,20.241987,-151.553802,1.500089,-2.506348,-0.120947,-14.872156,-78.749451,30.720152
2497,1480116490,96.967644,19.918425,-153.112442,1.396464,-2.182783,-0.303491,-12.785456,-87.134506,30.722496
2498,1480133157,96.399567,19.623762,-154.763062,1.754178,-2.213448,-0.667252,-0.419870,-93.010506,28.650892
2499,1480149824,96.185898,19.372196,-156.507217,2.295731,-2.729297,-1.103159,22.264034,-98.911201,26.068745
2500,1480166491,96.405785,19.150711,-158.403275,2.515625,-3.454962,-1.494050,50.853992,-107.794556,25.246292
2501,1480183158,96.933411,18.840345,-160.448730,1.945901,-3.714544,-1.336111,71.716324,-115.613960,32.244160
2502,1480199825,97.440468,18.486359,-162.713089,1.022109,-3.315029,-0.034775,73.994087,-127.558495,37.454288
2503,1480216492,97.808235,18.146147,-165.247360,0.580449,-2.999993,0.632083,69.933052,-142.882965,39.669514
2504,1480233159,98.070320,17.858496,-168.043457,-0.131298,-2.585272,0.627172,67.642052,-158.137863,39.420773
2505,1480249826,98.444016,17.660595,-171.010574,-0.268869,-2.205407,0.376894,76.784935,-168.596085,36.396740
2506,1480266493,99.175125,17.563900,-174.091476,-0.296957,-2.306552,0.255275,99.844833,-175.728958,33.019775
2507,1480283160,100.358376,17.544897,-177.263870,-0.566900,-2.505909,0.577154,128.438934,-181.176483,32.222473
2508,1480299827,101.857346,17.593950,179.458069,-1.001373,-2.370610,1.012263,149.330307,-187.076355,33.556927
2509,1480316494,103.383720,17.705954,176.019836,-1.360553,-1.610110,1.524901,154.144592,-195.822327,36.722466
2510,1480333161,104.655258,17.899691,172.365646,-1.397686,-0.941144,1.701951,143.341415,-207.863098,39.626629
2511,1480349828,105.644684,18.174839,168.498169,-1.506490,-0.678544,1.433949,131.233704,-219.796295,42.069801
2512,1480366495,106.406029,18.494221,164.425095,-1.768981,-0.739042,1.036571,122.581490,-230.759521,45.968994
2513,1480383162,106.882545,18.835129,160.145752,-2.067210,-0.376290,0.840036,110.793022,-241.419922,50.429935
2514,1480399829,106.882545,19.182590,155.689804,-1.720781,1.053300,0.731791,87.131546,-250.428421,53.814449
2515,1480416496,106.207031,19.569237,151.142029,-0.369475,3.290389,0.596010,50.077480,-255.848267,51.420113
2516,1480433163,104.894997,19.999535,146.704071,0.575067,4.326325,0.130032,11.528433,-250.803299,42.656464
2517,1480449830,103.390556,20.390232,142.585892,0.435580,4.002240,-0.839664,-4.817770,-233.083755,34.279507
2518,1480466497,102.007187,20.714466,138.906555,0.997854,4.826345,-0.703540,-5.340093,-208.406006,26.796572
2519,1480483164,100.658333,21.009350,135.723312,2.220196,6.861470,0.739691,-12.735141,-180.961746,18.044315
2520,1480499831,99.127472,21.262495,133.249527,2.636869,8.478238,1.036308,-38.124992,-141.478989,9.121458
2521,1480516498,97.529198,21.539841,131.521347,3.942852,7.472684,1.596925,-57.821491,-100.408188,-2.211159
2522,1480533165,95.786873,21.817179,130.533432,2.719406,6.677694,0.689662,-82.373901,-59.107544,-9.893473
2523,1480549832,94.355179,22.104933,130.314789,1.574947,6.110585,0.042256,-80.703644,-16.098249,-15.897054
2524,1480566499,93.443359,22.424040,130.908600,1.287624,5.934141,-0.244143,-67.891129,29.140139,-21.138227
2525,1480583166,92.980141,22.782202,132.253235,1.348464,6.227277,-0.451499,-58.465702,70.715508,-25.439535
2526,1480599833,93.012466,23.158009,134.313370,0.886784,6.255702,-1.132781,-45.938370,110.033432,-28.291761
2527,1480616500,93.562088,23.525726,137.046707,0.046538,6.068956,-1.660235,-31.627735,146.627533,-30.500433
2528,1480633167,94.521049,23.851681,140.385437,-0.896190,5.879362,-1.643431,-22.560062,179.186325,-32.288780
2529,1480649834,95.634735,24.108570,144.247208,-1.599965,5.810795,-0.936376,-26.949207,207.084625,-33.953323
2530,1480666501,96.558243,24.268745,148.504883,-2.208044,5.736186,-0.296386,-48.843487,228.267899,-34.178158
2531,1480683168,97.174271,24.317099,153.045242,-2.861929,5.268673,-0.498168,-74.659828,243.748001,-32.448612
2532,1480699835,97.652740,24.263371,157.816391,-3.470294,4.234700,-0.971548,-88.581375,256.745789,-30.362463
2533,1480716502,98.132584,24.118359,162.755630,-3.817717,3.332026,-1.047194,-92.159637,266.544983,-28.397783
2534,1480733169,98.657440,23.886013,167.775238,-4.017650,2.354072,-0.910194,-90.517708,271.792664,-26.272718
2535,1480749836,99.216484,23.569845,172.807877,-4.056997,1.470016,-0.425712,-87.452881,273.608704,-24.095881
2536,1480766503,99.535744,23.177088,177.728790,-4.043283,1.034563,0.434094,-97.451324,268.829254,-20.791214
2537,1480783170,99.356232,22.751780,-177.586182,-3.812325,0.164149,0.817738,-119.891800,257.092712,-17.183420
2538,1480799837,98.694954,22.317314,-173.212357,-3.250896,-1.147601,0.597287,-139.685226,241.074310,-12.146630
2539,1480816504,97.790207,21.872917,-169.149933,-2.430473,-2.834169,-0.085971,-145.400803,224.931534,-5.843569
2540,1480833171,96.918320,21.426147,-165.345871,-1.551383,-3.603012,-0.044380,-135.962021,211.409149,-0.406782
2541,1480849838,96.095139,21.013559,-161.785110,-1.033187,-3.947040,0.566964,-126.182976,198.261993,2.203819
2542,1480866505,95.356186,20.681530,-158.463348,-0.449346,-4.661640,0.985444,-114.748955,184.884262,1.432328
2543,1480883172,94.762924,20.428413,-155.388168,0.241060,-5.418264,0.757407,-99.886055,170.988281,0.094031
2544,1480899839,94.191116,20.245743,-152.616898,0.615904,-5.255997,0.804163,-91.629959,153.839020,-1.031156
2545,1480916506,93.351997,20.091774,-150.243927,0.600878,-4.894951,0.658466,-98.999985,131.516388,0.644355
2546,1480933173,92.307976,19.927378,-148.310486,1.053314,-4.963030,-0.488905,-101.924263,106.908325,4.691269
2547,1480949840,91.188683,19.689520,-146.836029,1.775515,-5.051844,-1.326112,-96.752441,81.159317,11.946908
2548,1480966507,89.999313,19.293659,-145.843613,2.443929,-4.916677,-1.975333,-90.872818,53.906273,23.391476
2549,1480983174,88.750877,18.670431,-145.314880,3.042913,-4.717950,-2.396503,-84.893906,27.106754,37.944378
2550,1480999841,87.602318,17.822849,-145.156296,3.455778,-4.772974,-2.658808,-71.595268,4.933033,51.345070
2551,1481016508,86.768692,16.786449,-145.264191,3.441185,-4.850544,-2.632773,-47.821899,-11.728301,62.036854
2552,1481033175,86.407684,15.614523,-145.572678,3.380086,-4.806684,-2.319538,-16.256706,-24.426619,69.366623
2553,1481049842,86.623055,14.367892,-146.054947,3.498731,-4.742704,-2.202864,20.617443,-34.959545,73.197556
2554,1481066509,87.391640,13.076759,-146.693161,3.551874,-4.562571,-2.403956,55.375530,-43.707424,75.661751
2555,1481083176,88.337097,11.723883,-147.549667,3.461953,-4.229185,-1.718614,67.904587,-55.669552,79.493538
2556,1481099843,89.099686,10.334292,-148.724487,2.924381,-3.611021,-0.942665,59.357246,-73.534409,82.060143
2557,1481116510,89.600632,8.948686,-150.225693,2.475166,-3.266174,-0.156884,45.239536,-92.237259,82.381798
2558,1481133177,90.082840,7.650060,-151.974258,2.259800,-3.306279,0.487005,44.156654,-106.528709,77.895218
2559,1481149844,90.763977,6.504302,-153.911636,2.243943,-3.236741,0.505110,55.251335,-117.339142,69.868958
2560,1481166511,91.550156,5.535158,-156.126617,2.365134,-3.159170,0.821633,61.152596,-133.455780,61.088051
2561,1481183178,92.195175,4.726325,-158.747589,2.618669,-3.270479,1.459624,52.791576,-157.442490,53.916012
2562,1481199845,92.651329,4.058246,-161.829712,2.735864,-4.057415,1.407286,41.546680,-185.002960,48.153538
2563,1481216512,93.129074,3.534209,-165.339249,2.003371,-4.665397,1.207692,42.603657,-210.722946,42.324223
2564,1481233179,93.775368,3.199954,-169.213715,0.543115,-3.900944,2.199126,52.405376,-232.914230,34.342026
2565,1481249846,94.615250,3.074571,-173.422119,-0.402572,-2.934378,3.266108,64.172173,-253.363190,26.316055
2566,1481266513,95.588348,3.150738,-177.967407,-0.954519,-2.223575,4.143438,73.142860,-274.095581,20.051596
2567,1481283180,96.535110,3.453795,177.131927,-1.656089,-2.178486,4.242273,73.693726,-296.279358,13.325764
2568,1481299847,97.317741,3.980212,171.861359,-2.573150,-1.650265,3.966066,67.413712,-319.524200,7.132329
2569,1481316514,97.688744,4.668322,166.277969,-3.229178,-0.063424,3.755457,47.499825,-339.032867,3.137885
2570,1481333181,97.336594,5.504968,160.490326,-2.944954,2.266040,3.689782,9.693041,-351.929779,-4.081017
2571,1481349848,96.081902,6.463387,154.698120,-2.406276,3.678213,3.236596,-38.943535,-352.453491,-16.260223
2572,1481366515,94.431625,7.489488,149.113785,-2.593390,3.008301,1.104499,-58.168427,-339.289276,-30.371315
2573,1481383182,92.984673,8.494628,143.872086,-2.566702,3.198796,-0.158411,-42.934391,-317.174713,-39.590111
2574,1481399849,91.589577,9.399932,139.088089,-1.090869,5.833474,0.465417,-38.900345,-287.972839,-42.531654
2575,1481416516,90.016335,10.162543,134.959763,0.272983,6.596792,0.057313,-52.129631,-247.206161,-41.936264
2576,1481433183,88.405525,10.829544,131.593796,0.775739,6.123782,-0.935596,-59.655678,-200.506683,-42.386753
2577,1481449850,87.193451,11.456586,129.082642,1.153121,6.121694,-1.898717,-43.395309,-148.758804,-42.933712
2578,1481466517,86.572792,12.086223,127.488884,1.893150,6.783827,-1.090495,-17.503099,-93.910912,-42.502914
2579,1481483184,86.349442,12.732808,126.818436,2.102414,6.909328,-0.494310,-4.506721,-39.300022,-40.862797
2580,1481499851,86.465004,13.415894,127.015495,1.939931,6.758651,-0.776397,4.536594,11.584777,-39.925125
2581,1481516518,86.907249,14.132726,127.972916,1.378374,6.430011,-0.806679,13.156821,55.714386,-39.476986
2582,1481533185,87.630615,14.893265,129.584305,0.845866,6.457511,-0.348202,19.490076,93.213837,-40.903481
2583,1481549852,88.538902,15.690316,131.763275,0.657109,6.706706,-0.022660,20.350212,125.185280,-43.383347
2584,1481566519,89.534790,16.517395,134.424866,0.348344,6.703953,-0.206081,15.810226,151.785492,-46.856087
2585,1481583186,90.494408,17.366875,137.494659,-0.130754,6.690279,-0.193570,4.279198,173.726257,-50.844738
2586,1481599853,91.310066,18.226940,140.930237,-0.657640,6.530819,0.027232,-13.668471,192.992264,-54.530201
2587,1481616520,91.932083,19.074837,144.699112,-1.184098,6.245922,0.375029,-34.576397,210.296936,-56.766190
2588,1481633187,92.422318,19.919336,148.795593,-1.768335,6.160038,0.871412,-52.171810,227.174210,-59.291740
2589,1481649854,92.843277,20.797567,153.220840,-2.514587,6.159221,1.382818,-66.641953,243.829376,-63.929890
2590,1481666521,93.258873,21.732328,157.960571,-3.296432,5.267674,1.208667,-77.709183,259.245636,-69.966797
2591,1481683188,93.724136,22.693270,162.957687,-3.694863,3.954129,0.880886,-84.921394,271.143555,-74.303993
2592,1481699855,94.218864,23.639162,168.101654,-3.825496,2.580197,1.017152,-91.205269,276.742249,-76.113197
2593,1481716522,94.692535,24.534210,173.295944,-3.969398,1.511980,1.305245,-98.235489,277.097687,-75.479973
2594,1481733189,94.971985,25.369402,178.394623,-4.064943,0.549639,1.231540,-111.731628,269.769043,-73.126839
2595,1481749856,94.975868,26.135330,-176.684433,-3.878459,-0.835018,0.383070,-127.483894,258.566162,-68.660614
2596,1481766523,94.945419,26.850918,-171.935272,-3.301344,-2.221631,-0.705185,-128.371597,247.985123,-64.638641
2597,1481783190,95.055595,27.535032,-167.356018,-2.972106,-2.741850,-0.285925,-118.397873,237.500702,-61.993870
2598,1481799857,95.143761,28.203510,-163.021530,-2.858624,-2.988432,0.159691,-115.746078,223.065704,-60.178490
2599,1481816524,95.030312,28.850801,-159.016586,-2.197994,-3.640082,-0.046082,-121.031265,204.462357,-57.190186
2600,1481833191,94.661064,29.439898,-155.369553,-1.254434,-4.439775,-0.782580,-128.205032,185.071106,-51.146324
2601,1481849858,94.101341,29.960844,-152.103607,-0.207444,-5.084597,-1.532380,-130.169647,164.941177,-43.947273
2602,1481866525,93.476982,30.419436,-149.224152,0.778940,-5.409785,-2.058314,-123.863731,144.801010,-37.099136
2603,1481883192,92.779472,30.779646,-146.759521,1.300631,-5.716888,-1.527442,-116.674767,123.516747,-28.296974
2604,1481899859,92.008011,31.029762,-144.741394,2.108803,-6.159087,-1.453434,-108.062317,100.768761,-19.101612
2605,1481916526,91.264832,31.136873,-143.148315,3.304006,-6.502836,-1.950377,-93.549713,79.212044,-8.528574
2606,1481933193,90.720032,31.078188,-141.942398,4.163833,-6.552424,-2.253278,-69.717377,59.552589,2.683221
2607,1481949860,90.565933,30.896620,-141.092361,4.486183,-6.418690,-2.306170,-35.194111,41.380627,10.640803
2608,1481966527,90.739937,30.653887,-140.577499,4.286308,-5.983480,-1.962343,-5.096800,24.237333,14.502225
2609,1481983194,90.993797,30.356743,-140.405716,4.090992,-5.419503,-1.936440,10.233347,6.657616,17.935059
2610,1481999861,91.175812,29.999527,-140.572220,4.076281,-4.986449,-2.162885,16.148645,-10.733431,21.838959
2611,1482016528,91.343971,29.581642,-141.025848,4.148583,-4.807278,-2.185850,23.782644,-25.575796,25.835234
2612,1482033195,91.622200,29.097191,-141.716202,4.117455,-4.829577,-2.102652,37.129890,-37.867130,30.246078
2613,1482049862,92.113579,28.548630,-142.618027,3.712897,-4.819591,-1.868881,55.682991,-48.841972,34.701962
2614,1482066529,92.712814,27.919767,-143.775894,3.028497,-4.763361,-1.363375,68.898750,-62.095867,40.540771
2615,1482083196,93.294083,27.192675,-145.227264,2.326084,-4.539285,-1.014153,75.213501,-77.360924,47.880863
2616,1482099863,93.839066,26.378178,-146.978394,1.733729,-4.400682,-0.741775,80.081322,-93.120224,54.882515
2617,1482116530,94.408424,25.501307,-149.025314,1.125611,-4.266702,-0.488219,87.891846,-108.924316,60.693184
2618,1482133197,95.051155,24.597233,-151.373077,0.401395,-4.126535,-0.064721,98.193855,-125.263077,64.860825
2619,1482149864,95.750458,23.681894,-154.051910,-0.037668,-4.027368,0.022293,107.656433,-143.406616,68.761322
2620,1482166531,96.455338,22.765360,-157.098526,-0.661684,-3.735461,0.447026,114.326874,-163.743881,72.821182
2621,1482183198,97.116417,21.887749,-160.519379,-1.381995,-3.063026,1.187283,117.576012,-184.873703,75.008011
2622,1482199865,97.685486,21.059708,-164.293411,-1.918226,-2.408368,1.352938,116.970268,-205.129425,76.701469
2623,1482216532,98.156143,20.286636,-168.406631,-2.396640,-1.678014,1.479517,115.296173,-224.854889,78.054268
2624,1482233199,98.489258,19.586855,-172.851486,-2.894684,-0.787957,1.484154,110.857315,-244.543640,78.133080
2625,1482249866,98.569313,18.985291,-177.649139,-3.016644,-0.035290,1.404844,99.820465,-265.890350,76.294975
2626,1482266533,98.208679,18.464321,177.194824,-2.979466,0.821158,1.583271,77.641342,-287.832733,73.978416
2627,1482283200,97.248856,17.967831,171.708466,-2.910415,1.442802,1.391173,45.318970,-308.357117,71.880318
2628,1482299867,95.575302,17.438498,165.917358,-2.581424,2.388031,1.014593,5.305921,-327.915802,68.839348
2629,1482316534,93.192734,16.877357,159.919250,-1.741724,3.855582,0.792834,-36.660099,-342.808563,60.167805
2630,1482333201,90.514648,16.313688,153.951828,-0.702659,4.329628,-0.217621,-58.254868,-344.386963,45.216614
2631,1482349868,88.222023,15.737353,148.330322,-0.796027,3.301438,-1.117889,-44.279499,-327.063995,31.320871
2632,1482366535,86.937317,15.143748,143.267258,-1.843388,2.647608,-0.886461,3.926826,-296.570557,23.538918
2633,1482383202,86.703285,14.545528,138.946411,-1.368464,5.228005,0.920382,52.478611,-254.722015,22.257462
2634,1482399869,86.649635,13.948772,135.344849,1.108335,7.232892,2.248272,50.080616,-213.689224,23.908508
2635,1482416536,86.234795,13.382479,132.490860,3.337007,8.181006,2.180966,15.719793,-170.685684,23.877146
2636,1482433203,85.592400,12.931030,130.509583,4.830275,8.128686,2.373517,-11.292244,-119.892693,19.042803
2637,1482449870,84.928093,12.706090,129.341705,4.357833,7.209947,1.914191,-24.077133,-71.694466,8.060807
2638,1482466537,84.784615,12.651381,129.107956,3.532143,6.430806,0.324713,-5.260047,-16.402916,2.280910
2639,1482483204,85.322128,12.703123,129.771515,3.419367,5.709223,0.377451,23.812918,36.501957,0.478263
2640,1482499871,86.226479,12.831592,131.169540,3.164746,5.366784,1.111917,36.049267,79.696548,-1.447643
2641,1482516538,87.193542,13.044610,133.141418,2.684665,5.232634,1.582417,31.890072,113.390320,-5.941631
2642,1482533205,87.981857,13.359025,135.552490,1.959320,5.212125,1.827623,14.638950,139.059860,-12.723979
2643,1482549872,88.500015,13.782434,138.315750,1.142645,4.921456,1.723789,-7.412069,159.423660,-20.252220
2644,1482566539,88.797417,14.306804,141.396942,0.360792,4.453341,1.226458,-26.594772,177.601135,-27.030956
2645,1482583206,89.009995,14.913865,144.812607,-0.268615,4.178132,0.978278,-38.495804,196.538101,-32.427811
2646,1482599873,89.151352,15.590686,148.563919,-0.893063,4.076961,1.298285,-50.269814,215.351059,-36.919849
2647,1482616540,89.168465,16.316778,152.602478,-1.632659,3.761986,1.220581,-65.098579,231.170181,-39.938652
2648,1482633207,89.154884,17.070131,156.891632,-2.490383,3.130402,1.014775,-74.252617,244.726440,-41.376358
2649,1482649874,89.207985,17.854683,161.392105,-3.137508,2.326443,0.831448,-77.349152,255.819550,-43.168007
2650,1482666541,89.406082,18.692411,166.085754,-3.609421,1.647168,0.614394,-75.925095,265.596924,-46.795799
2651,1482683208,89.723282,19.582626,170.939804,-4.058643,1.321731,0.469175,-75.956390,273.127014,-51.081402
2652,1482699875,90.085991,20.511913,175.896988,-4.338868,0.907133,0.107724,-79.704460,277.087860,-55.045559
2653,1482716542,90.371994,21.441296,-179.104126,-4.440516,0.391240,-0.216021,-89.719063,277.411804,-56.631123
2654,1482733209,90.576035,22.357527,-174.125397,-4.367034,-0.562111,-0.490973,-98.680542,274.294037,-57.011227
2655,1482749876,90.790520,23.287920,-169.234299,-4.175406,-1.536599,-0.331367,-100.469040,267.384216,-58.788551
2656,1482766543,90.918770,24.199667,-164.480865,-3.836136,-2.050687,-0.210129,-106.659271,257.807251,-58.335785
2657,1482783210,90.908447,25.058126,-159.923904,-3.051730,-2.718902,-0.589194,-114.083107,245.277649,-55.208996
2658,1482799877,90.893845,25.829565,-155.607285,-1.605958,-4.034332,-1.173113,-111.675934,230.698578,-49.705444
2659,1482816544,91.081543,26.505154,-151.599274,0.181468,-5.272867,-1.395045,-94.342972,212.682648,-43.997150
2660,1482833211,91.593323,27.062426,-147.995117,1.919068,-5.956637,-1.451171,-66.325218,189.779343,-37.679291
2661,1482849878,92.441505,27.480803,-144.864197,2.666850,-5.636513,-1.084827,-34.805332,163.545425,-30.708193
2662,1482866545,93.392944,27.770897,-142.269119,2.297048,-4.963078,-0.560994,-14.762926,134.430847,-24.144712
2663,1482883212,94.197006,27.904600,-140.254333,1.951968,-4.974292,-0.993990,-7.881961,103.672256,-14.821198
2664,1482899879,94.852272,27.872343,-138.808289,2.426740,-5.177882,-1.289091,-0.968345,74.133934,-3.864622
2665,1482916546,95.234268,27.702826,-137.949921,3.116239,-5.768409,-1.333806,-0.817858,43.806187,6.378356
2666,1482933213,95.332909,27.425327,-137.653671,3.726184,-6.312115,-1.333545,-2.067140,14.731328,15.377345
2667,1482949880,95.082260,27.071188,-137.878403,3.801657,-6.282198,-1.391484,-8.659112,-12.510695,22.496145
2668,1482966547,94.515099,26.652588,-138.534210,3.674118,-5.695289,-1.938109,-16.080654,-35.387318,28.208988
2669,1482983214,93.802567,26.197512,-139.457199,3.440600,-5.050566,-2.369052,-17.972097,-50.003811,31.072987
2670,1482999881,93.022224,25.712482,-140.561890,3.406855,-4.756947,-2.451962,-17.704950,-60.289173,32.842712
2671,1483016548,92.276833,25.184351,-141.831009,3.334176,-4.707906,-2.408145,-11.924242,-69.755219,35.080776
2672,1483033215,91.731537,24.591660,-143.253448,3.127227,-4.639534,-2.364097,3.255955,-78.673660,38.500187
2673,1483049882,91.548248,23.909384,-144.820450,2.720767,-4.408006,-2.322529,27.633099,-87.045807,43.630238
2674,1483066549,91.697098,23.116034,-146.554489,2.083536,-3.831301,-1.779014,50.433323,-96.564201,50.546844
2675,1483083216,92.168015,22.248941,-148.451981,1.713853,-3.351874,-1.268284,72.128944,-105.780823,55.808746
2676,1483099883,92.936371,21.355425,-150.505905,1.205666,-3.192127,-0.491329,91.820412,-114.472267,58.931877
2677,1483116550,93.974785,20.467127,-152.763748,0.596583,-3.239039,0.508329,110.593391,-125.656891,61.117123
2678,1483133217,95.259178,19.633560,-155.294464,-0.027904,-3.126886,1.208765,129.041870,-140.702515,61.629787
2679,1483149884,96.625977,18.875948,-158.149979,-0.654945,-2.508177,1.838497,138.410049,-158.716766,62.262108
2680,1483166551,97.809700,18.266819,-161.372803,-1.444895,-1.238304,2.446607,132.503586,-179.797745,59.599194
2681,1483183218,98.471069,17.808571,-164.988815,-1.680969,-0.301866,2.567833,106.768272,-202.861389,56.748520
2682,1483199885,98.607147,17.503180,-168.999664,-1.436365,-0.564836,2.595366,81.076317,-226.577698,52.497540
2683,1483216552,98.488457,17.361870,-173.346313,-1.559476,-0.801253,2.585548,70.947906,-247.322784,45.713093
2684,1483233219,98.233589,17.386850,-177.939148,-1.821231,0.086821,2.469964,66.944130,-262.930389,37.118652